Time - Plot 0	Amplitude - Plot 0	
0	1.0E+3	
1	1.0E+3	
2	1.0E+3	
3	1.0E+3	
4	1.0E+3	
5	1.0E+3	
6	1.0E+3	
7	1.0E+3	
8	1.0E+3	
9	1.0E+3	
10	8.0E+2	
11	5.2E+2	
12	3.6E+2	
13	2.6E+2	
14	1.9E+2	
15	1.5E+2	
16	1.1E+2	
17	9.0E+1	
18	7.2E+1	
19	5.7E+1	
20	4.6E+1	
21	3.7E+1	
22	3.0E+1	
23	2.4E+1	
24	1.9E+1	
25	1.5E+1	
26	1.2E+1	
27	8.8E+0	
28	6.2E+0	
29	3.7E+0	
30	2.0E+0	
31	3.0E-1	
32	3.9E-2	
33	2.8E-2	
34	2.4E-2	
35	2.0E-2	
36	1.8E-2	
37	1.6E-2	
38	1.4E-2	
39	1.3E-2	
40	1.2E-2	
41	1.1E-2	
42	1.1E-2	
43	1.0E-2	
44	9.8E-3	
45	9.3E-3	
46	8.8E-3	
47	8.7E-3	
48	8.5E-3	
49	8.2E-3	
50	8.0E-3	
51	7.9E-3	
52	7.8E-3	
53	7.6E-3	
54	7.5E-3	
55	7.3E-3	
56	7.2E-3	
57	7.2E-3	
58	7.1E-3	
59	7.1E-3	
60	7.0E-3	
61	7.0E-3	
62	6.9E-3	
63	6.8E-3	
64	6.7E-3	
65	6.7E-3	
66	6.7E-3	
67	6.6E-3	
68	6.5E-3	
69	6.5E-3	
70	6.5E-3	
71	6.4E-3	
72	6.4E-3	
73	6.3E-3	
74	6.4E-3	
75	6.3E-3	
76	6.3E-3	
77	6.3E-3	
78	6.2E-3	
79	6.2E-3	
80	6.2E-3	
81	6.2E-3	
82	6.1E-3	
83	6.1E-3	
84	6.1E-3	
85	6.1E-3	
86	6.1E-3	
87	6.0E-3	
88	6.0E-3	
89	6.0E-3	
90	6.0E-3	
91	6.0E-3	
92	5.9E-3	
93	5.9E-3	
94	5.9E-3	
95	5.9E-3	
96	5.9E-3	
97	5.9E-3	
98	5.9E-3	
99	5.8E-3	
100	5.8E-3	
101	5.8E-3	
102	5.8E-3	
103	5.8E-3	
104	5.8E-3	
105	5.8E-3	
106	5.7E-3	
107	5.7E-3	
108	5.7E-3	
109	5.7E-3	
110	5.7E-3	
111	5.7E-3	
112	5.7E-3	
113	5.6E-3	
114	5.6E-3	
115	5.6E-3	
116	5.6E-3	
117	5.6E-3	
118	5.6E-3	
119	5.6E-3	
120	5.6E-3	
121	5.6E-3	
122	5.6E-3	
123	5.6E-3	
124	5.6E-3	
125	5.6E-3	
126	5.6E-3	
127	5.5E-3	
128	5.5E-3	
129	5.5E-3	
130	5.5E-3	
131	5.5E-3	
132	5.5E-3	
133	5.5E-3	
134	5.5E-3	
135	5.5E-3	
136	5.5E-3	
137	5.5E-3	
138	5.5E-3	
139	5.5E-3	
140	5.5E-3	
141	5.5E-3	
142	5.5E-3	
143	5.5E-3	
144	5.5E-3	
145	5.5E-3	
146	5.5E-3	
147	5.5E-3	
148	5.5E-3	
149	5.4E-3	
150	5.4E-3	
151	5.4E-3	
152	5.4E-3	
153	5.4E-3	
154	5.4E-3	
155	5.4E-3	
156	5.4E-3	
157	5.4E-3	
158	5.4E-3	
159	5.4E-3	
160	5.4E-3	
161	5.4E-3	
162	5.4E-3	
163	5.4E-3	
164	5.4E-3	
165	5.4E-3	
166	5.4E-3	
167	5.4E-3	
168	5.4E-3	
169	5.4E-3	
170	5.4E-3	
171	5.4E-3	
172	5.4E-3	
173	5.4E-3	
174	5.4E-3	
175	5.4E-3	
176	5.4E-3	
177	5.4E-3	
178	5.4E-3	
179	5.4E-3	
180	5.4E-3	
181	5.4E-3	
182	5.4E-3	
183	5.4E-3	
184	5.4E-3	
185	5.4E-3	
186	5.4E-3	
187	5.4E-3	
188	5.4E-3	
189	5.4E-3	
190	5.4E-3	
191	5.4E-3	
192	5.4E-3	
193	5.4E-3	
194	5.4E-3	
195	5.4E-3	
196	5.4E-3	
197	5.4E-3	
198	5.4E-3	
199	5.3E-3	
200	5.3E-3	
201	5.3E-3	
202	5.3E-3	
203	5.3E-3	
204	5.3E-3	
205	5.3E-3	
206	5.3E-3	
207	5.3E-3	
208	5.3E-3	
209	5.3E-3	
210	5.3E-3	
211	5.3E-3	
212	5.3E-3	
213	5.3E-3	
214	5.3E-3	
215	5.3E-3	
216	5.3E-3	
217	5.3E-3	
218	5.3E-3	
219	5.3E-3	
220	5.3E-3	
221	5.3E-3	
222	5.3E-3	
223	5.3E-3	
224	5.3E-3	
225	5.3E-3	
226	5.3E-3	
227	5.3E-3	
228	5.3E-3	
229	5.3E-3	
230	5.3E-3	
231	5.3E-3	
232	5.3E-3	
233	5.3E-3	
234	5.3E-3	
235	5.3E-3	
236	5.3E-3	
237	5.3E-3	
238	5.3E-3	
239	5.3E-3	
240	5.3E-3	
241	5.3E-3	
242	5.3E-3	
243	5.3E-3	
244	5.3E-3	
245	5.3E-3	
246	5.3E-3	
247	5.3E-3	
248	5.3E-3	
249	5.3E-3	
250	5.3E-3	
251	5.3E-3	
252	5.3E-3	
253	5.3E-3	
254	5.3E-3	
255	5.3E-3	
256	5.3E-3	
257	5.3E-3	
258	5.3E-3	
259	5.3E-3	
260	5.3E-3	
261	5.3E-3	
262	5.3E-3	
263	5.3E-3	
264	5.3E-3	
265	5.3E-3	
266	5.3E-3	
267	5.3E-3	
268	5.3E-3	
269	5.3E-3	
270	5.3E-3	
271	5.3E-3	
272	5.3E-3	
273	5.3E-3	
274	5.3E-3	
275	5.3E-3	
276	5.3E-3	
277	5.3E-3	
278	5.3E-3	
279	5.3E-3	
280	5.3E-3	
281	5.3E-3	
282	5.3E-3	
283	5.3E-3	
284	5.3E-3	
285	5.3E-3	
286	5.3E-3	
287	5.3E-3	
288	5.3E-3	
289	5.3E-3	
290	5.3E-3	
291	5.3E-3	
292	5.3E-3	
293	5.3E-3	
294	5.3E-3	
295	5.3E-3	
296	5.3E-3	
297	5.3E-3	
298	5.3E-3	
299	5.3E-3	
300	5.3E-3	
301	5.3E-3	
302	5.3E-3	
303	5.3E-3	
304	5.3E-3	
305	5.3E-3	
306	5.3E-3	
307	5.3E-3	
308	5.3E-3	
309	5.3E-3	
310	5.3E-3	
311	5.3E-3	
312	5.3E-3	
313	5.3E-3	
314	5.3E-3	
315	5.3E-3	
316	5.3E-3	
317	5.3E-3	
318	5.3E-3	
319	5.3E-3	
320	5.3E-3	
321	5.3E-3	
322	5.3E-3	
323	5.3E-3	
324	5.3E-3	
325	5.3E-3	
326	5.3E-3	
327	5.3E-3	
328	5.3E-3	
329	5.3E-3	
330	5.3E-3	
331	5.3E-3	
332	5.3E-3	
333	5.3E-3	
334	5.3E-3	
335	5.3E-3	
336	5.3E-3	
337	5.3E-3	
338	5.3E-3	
339	5.3E-3	
340	5.3E-3	
341	5.3E-3	
342	5.3E-3	
343	5.3E-3	
344	5.3E-3	
345	5.3E-3	
346	5.3E-3	
347	5.3E-3	
348	5.3E-3	
349	5.3E-3	
350	5.3E-3	
351	5.3E-3	
352	5.3E-3	
353	5.2E-3	
354	5.2E-3	
355	5.2E-3	
356	5.2E-3	
357	5.2E-3	
358	5.2E-3	
359	5.2E-3	
360	5.2E-3	
361	5.2E-3	
362	5.2E-3	
363	5.2E-3	
364	5.2E-3	
365	5.2E-3	
366	5.2E-3	
367	5.2E-3	
368	5.2E-3	
369	5.2E-3	
370	5.2E-3	
371	5.2E-3	
372	5.2E-3	
373	5.2E-3	
374	5.2E-3	
375	5.3E-3	
376	5.3E-3	
377	5.3E-3	
378	5.3E-3	
379	5.2E-3	
380	1.9E-5	
381	1.4E-5	
382	1.1E-5	
383	9.7E-6	
384	8.7E-6	
385	8.0E-6	
386	7.4E-6	
387	8.6E-6	
388	8.0E-6	
389	7.5E-6	
390	7.0E-6	
391	6.6E-6	
392	6.3E-6	
393	6.0E-6	
394	5.8E-6	
395	5.6E-6	
396	5.4E-6	
397	5.3E-6	
398	5.2E-6	
399	5.1E-6	
400	5.0E-6	
401	4.9E-6	
402	4.8E-6	
403	4.7E-6	
404	4.6E-6	
405	4.6E-6	
406	4.5E-6	
407	4.4E-6	
408	4.4E-6	
409	4.3E-6	
410	4.3E-6	
411	4.2E-6	
412	4.2E-6	
413	4.1E-6	
414	4.1E-6	
415	4.1E-6	
416	4.1E-6	
417	4.0E-6	
418	4.0E-6	
419	4.0E-6	
420	4.0E-6	
421	3.9E-6	
422	3.9E-6	
423	3.9E-6	
424	3.9E-6	
425	3.9E-6	
426	3.9E-6	
427	3.9E-6	
428	3.9E-6	
429	3.9E-6	
430	4.0E-6	
431	4.0E-6	
432	4.1E-6	
433	4.1E-6	
434	4.1E-6	
435	4.2E-6	
436	4.2E-6	
437	4.3E-6	
438	4.4E-6	
439	4.5E-6	
440	4.6E-6	
441	4.7E-6	
442	4.9E-6	
443	5.0E-6	
444	5.2E-6	
445	5.3E-6	
446	5.5E-6	
447	5.7E-6	
448	5.9E-6	
449	6.2E-6	
450	6.4E-6	
451	6.7E-6	
452	7.1E-6	
453	7.5E-6	
454	7.9E-6	
455	8.4E-6	
456	8.9E-6	
457	9.5E-6	
458	1.0E-5	
459	1.1E-5	
460	1.1E-5	
461	1.2E-5	
462	1.3E-5	
463	1.4E-5	
464	1.5E-5	
465	1.7E-5	
466	1.9E-5	
467	2.1E-5	
468	2.3E-5	
469	2.7E-5	
470	3.1E-5	
471	3.6E-5	
472	4.1E-5	
473	4.9E-5	
474	5.9E-5	
475	7.1E-5	
476	8.9E-5	
477	1.1E-4	
478	1.4E-4	
479	1.8E-4	
480	2.3E-4	
481	3.0E-4	
482	4.1E-4	
483	5.4E-4	
484	7.4E-4	
485	1.0E-3	
486	1.4E-3	
487	1.9E-3	
488	2.6E-3	
489	3.6E-3	
490	5.1E-3	
491	7.1E-3	
492	1.1E-2	
493	1.7E-2	
494	2.4E-2	
495	3.1E-2	
496	4.0E-2	
497	5.0E-2	
498	6.3E-2	
499	7.0E-2	
500	8.3E-2	
501	9.7E-2	
502	1.1E-1	
503	1.2E-1	
504	1.3E-1	
505	1.5E-1	
506	1.6E-1	
507	1.7E-1	
508	1.9E-1	
509	2.1E-1	
510	2.2E-1	
511	2.4E-1	
512	2.6E-1	
513	2.7E-1	
514	2.8E-1	
515	3.0E-1	
516	3.1E-1	
517	3.2E-1	
518	3.4E-1	
519	3.6E-1	
520	3.7E-1	
521	3.9E-1	
522	4.0E-1	
523	4.2E-1	
524	4.3E-1	
525	4.4E-1	
526	4.6E-1	
527	4.7E-1	
528	4.8E-1	
529	5.0E-1	
530	5.2E-1	
531	5.2E-1	
532	5.5E-1	
533	5.6E-1	
534	5.7E-1	
535	5.9E-1	
536	6.0E-1	
537	6.1E-1	
538	6.3E-1	
539	6.4E-1	
540	6.5E-1	
541	6.7E-1	
542	7.2E-1	
543	7.0E-1	
544	7.1E-1	
545	7.1E-1	
546	7.2E-1	
547	7.5E-1	
548	7.4E-1	
549	7.7E-1	
550	7.7E-1	
551	8.0E-1	
552	7.9E-1	
553	7.9E-1	
554	8.1E-1	
555	8.2E-1	
556	8.2E-1	
557	8.4E-1	
558	8.5E-1	
559	8.7E-1	
560	8.6E-1	
561	8.8E-1	
562	8.8E-1	
563	8.8E-1	
564	8.9E-1	
565	1.0E+3	
566	1.0E+3	
567	1.0E+3	
568	1.0E+3	
