Jan 19, 2018  02:59:32 PM
Residual Gas Analyzer Software 
Software Version, 3.101.209

Analog Scan Setup:

Data Points in Scan, 641 
Units, Torr 
Noise Floor, 2 
CEM Status, OFF 
Points Per AMU, 10
Scan Start Mass, 1, amu 
Scan Stop Mass, 65, amu
Focus Voltage, 90, Volts 
Ion Energy, HIGH 
Electron Energy, 70, eV 
CEM Voltage, 1000, Volts
CEM Gain, 1.00E+006 
Sensitivity Factor, 1.61E-004 
Filament Current, 1.00, mAmps


  1.00,   1.96E-008, 
  1.10,   2.08E-008, 
  1.20,   1.85E-007, 
  1.30,   4.43E-007, 
  1.40,   2.48E-007, 
  1.50,   3.63E-007, 
  1.60,   4.38E-007, 
  1.70,   4.53E-007, 
  1.80,   4.65E-007, 
  1.90,   4.22E-007, 
  2.00,   4.04E-007, 
  2.10,   3.53E-007, 
  2.20,   3.25E-007, 
  2.30,   2.36E-007, 
  2.40,   1.13E-007, 
  2.50,   2.03E-008, 
  2.60,   9.29E-009, 
  2.70,   6.77E-009, 
  2.80,   5.73E-009, 
  2.90,   5.02E-009, 
  3.00,   4.59E-009, 
  3.10,   4.19E-009, 
  3.20,   3.79E-009, 
  3.30,   3.51E-009, 
  3.40,   3.24E-009, 
  3.50,   2.96E-009, 
  3.60,   2.77E-009, 
  3.70,   2.61E-009, 
  3.80,   2.43E-009, 
  3.90,   2.26E-009, 
  4.00,   2.11E-009, 
  4.10,   1.97E-009, 
  4.20,   1.86E-009, 
  4.30,   1.75E-009, 
  4.40,   1.63E-009, 
  4.50,   1.50E-009, 
  4.60,   1.45E-009, 
  4.70,   1.36E-009, 
  4.80,   1.32E-009, 
  4.90,   1.26E-009, 
  5.00,   1.19E-009, 
  5.10,   1.16E-009, 
  5.20,   1.11E-009, 
  5.30,   1.06E-009, 
  5.40,   1.03E-009, 
  5.50,   9.59E-010, 
  5.60,   8.57E-010, 
  5.70,   9.22E-010, 
  5.80,   9.06E-010, 
  5.90,   8.77E-010, 
  6.00,   8.29E-010, 
  6.10,   7.51E-010, 
  6.20,   8.01E-010, 
  6.30,   6.63E-010, 
  6.40,   4.96E-010, 
  6.50,   5.20E-010, 
  6.60,   5.17E-010, 
  6.70,   5.43E-010, 
  6.80,   5.58E-010, 
  6.90,   5.69E-010, 
  7.00,   5.56E-010, 
  7.10,   5.29E-010, 
  7.20,   4.63E-010, 
  7.30,   5.12E-010, 
  7.40,   5.06E-010, 
  7.50,   5.04E-010, 
  7.60,   5.15E-010, 
  7.70,   5.28E-010, 
  7.80,   5.50E-010, 
  7.90,   5.40E-010, 
  8.00,   5.43E-010, 
  8.10,   5.05E-010, 
  8.20,   3.84E-010, 
  8.30,   3.75E-010, 
  8.40,   4.24E-010, 
  8.50,   5.12E-010, 
  8.60,   4.42E-010, 
  8.70,   4.27E-010, 
  8.80,   3.73E-010, 
  8.90,   3.25E-010, 
  9.00,   3.19E-010, 
  9.10,   2.46E-010, 
  9.20,   2.48E-010, 
  9.30,   3.05E-010, 
  9.40,   3.46E-010, 
  9.50,   3.83E-010, 
  9.60,   3.23E-010, 
  9.70,   3.47E-010, 
  9.80,   2.98E-010, 
  9.90,   3.13E-010, 
 10.00,   3.66E-010, 
 10.10,   3.59E-010, 
 10.20,   3.84E-010, 
 10.30,   3.45E-010, 
 10.40,   3.01E-010, 
 10.50,   2.99E-010, 
 10.60,   3.42E-010, 
 10.70,   3.47E-010, 
 10.80,   2.76E-010, 
 10.90,   2.86E-010, 
 11.00,   2.81E-010, 
 11.10,   2.86E-010, 
 11.20,   3.31E-010, 
 11.30,   4.48E-010, 
 11.40,   8.67E-010, 
 11.50,   1.53E-009, 
 11.60,   3.85E-009, 
 11.70,   7.81E-009, 
 11.80,   1.18E-008, 
 11.90,   1.57E-008, 
 12.00,   1.74E-008, 
 12.10,   1.81E-008, 
 12.20,   1.61E-008, 
 12.30,   1.21E-008, 
 12.40,   6.12E-009, 
 12.50,   3.48E-009, 
 12.60,   2.48E-009, 
 12.70,   2.53E-009, 
 12.80,   2.75E-009, 
 12.90,   3.09E-009, 
 13.00,   3.29E-009, 
 13.10,   3.45E-009, 
 13.20,   3.38E-009, 
 13.30,   3.08E-009, 
 13.40,   2.24E-009, 
 13.50,   1.95E-009, 
 13.60,   3.06E-009, 
 13.70,   6.28E-009, 
 13.80,   9.49E-009, 
 13.90,   1.27E-008, 
 14.00,   1.44E-008, 
 14.10,   1.54E-008, 
 14.20,   1.40E-008, 
 14.30,   1.12E-008, 
 14.40,   6.22E-009, 
 14.50,   3.80E-009, 
 14.60,   3.66E-009, 
 14.70,   5.95E-009, 
 14.80,   8.64E-009, 
 14.90,   1.15E-008, 
 15.00,   1.31E-008, 
 15.10,   1.43E-008, 
 15.20,   1.35E-008, 
 15.30,   1.16E-008, 
 15.40,   7.29E-009, 
 15.50,   6.27E-009, 
 15.60,   1.42E-008, 
 15.70,   4.03E-008, 
 15.80,   5.92E-008, 
 15.90,   6.95E-008, 
 16.00,   7.00E-008, 
 16.10,   7.26E-008, 
 16.20,   6.23E-008, 
 16.30,   4.25E-008, 
 16.40,   1.90E-008, 
 16.50,   2.73E-008, 
 16.60,   1.43E-007, 
 16.70,   3.46E-007, 
 16.80,   4.28E-007, 
 16.90,   4.85E-007, 
 17.00,   4.75E-007, 
 17.10,   4.84E-007, 
 17.20,   4.07E-007, 
 17.30,   2.20E-007, 
 17.40,   5.20E-008, 
 17.50,   1.08E-007, 
 17.60,   5.49E-007, 
 17.70,   1.37E-006, 
 17.80,   1.75E-006, 
 17.90,   2.00E-006, 
 18.00,   1.91E-006, 
 18.10,   1.99E-006, 
 18.20,   1.66E-006, 
 18.30,   8.29E-007, 
 18.40,   4.05E-008, 
 18.50,   9.62E-009, 
 18.60,   4.99E-009, 
 18.70,   4.35E-009, 
 18.80,   5.02E-009, 
 18.90,   6.10E-009, 
 19.00,   6.51E-009, 
 19.10,   6.93E-009, 
 19.20,   6.70E-009, 
 19.30,   5.89E-009, 
 19.40,   3.48E-009, 
 19.50,   1.98E-009, 
 19.60,   1.36E-009, 
 19.70,   1.59E-009, 
 19.80,   2.32E-009, 
 19.90,   3.14E-009, 
 20.00,   3.61E-009, 
 20.10,   3.99E-009, 
 20.20,   3.86E-009, 
 20.30,   3.45E-009, 
 20.40,   2.17E-009, 
 20.50,   1.16E-009, 
 20.60,   5.54E-010, 
 20.70,   2.52E-010, 
 20.80,   1.09E-010, 
 20.90,   1.22E-010, 
 21.00,   1.11E-010, 
 21.10,   9.13E-011, 
 21.20,   1.37E-011, 
 21.30,   1.93E-011, 
 21.40,   4.84E-011, 
 21.50,   2.55E-011, 
 21.60,   9.69E-011, 
 21.70,   3.12E-010, 
 21.80,   9.15E-010, 
 21.90,   1.28E-009, 
 22.00,   1.38E-009, 
 22.10,   1.49E-009, 
 22.20,   1.56E-009, 
 22.30,   1.37E-009, 
 22.40,   8.07E-010, 
 22.50,   2.32E-010, 
 22.60,   1.34E-010, 
 22.70,   9.57E-011, 
 22.80,   3.60E-011, 
 22.90,  -4.10E-011, 
 23.00,  -6.77E-011, 
 23.10,  -1.00E-010, 
 23.20,  -1.09E-010, 
 23.30,  -1.02E-010, 
 23.40,  -8.63E-011, 
 23.50,  -1.12E-010, 
 23.60,  -1.25E-010, 
 23.70,  -3.85E-011, 
 23.80,   2.14E-010, 
 23.90,   4.27E-010, 
 24.00,   4.94E-010, 
 24.10,   6.25E-010, 
 24.20,   7.84E-010, 
 24.30,   4.11E-010, 
 24.40,   2.02E-010, 
 24.50,   1.40E-010, 
 24.60,   1.73E-010, 
 24.70,   3.12E-010, 
 24.80,   8.49E-010, 
 24.90,   1.42E-009, 
 25.00,   1.66E-009, 
 25.10,   1.90E-009, 
 25.20,   1.86E-009, 
 25.30,   1.63E-009, 
 25.40,   1.03E-009, 
 25.50,   4.57E-010, 
 25.60,   4.94E-010, 
 25.70,   1.27E-009, 
 25.80,   3.29E-009, 
 25.90,   6.16E-009, 
 26.00,   7.86E-009, 
 26.10,   8.89E-009, 
 26.20,   8.74E-009, 
 26.30,   7.53E-009, 
 26.40,   4.38E-009, 
 26.50,   2.59E-009, 
 26.60,   1.97E-009, 
 26.70,   2.44E-009, 
 26.80,   5.32E-009, 
 26.90,   1.11E-008, 
 27.00,   1.53E-008, 
 27.10,   1.75E-008, 
 27.20,   1.68E-008, 
 27.30,   1.43E-008, 
 27.40,   8.10E-009, 
 27.50,   6.91E-009, 
 27.60,   1.19E-008, 
 27.70,   4.26E-008, 
 27.80,   1.72E-007, 
 27.90,   2.44E-007, 
 28.00,   2.48E-007, 
 28.10,   2.31E-007, 
 28.20,   2.11E-007, 
 28.30,   9.82E-008, 
 28.40,   1.53E-008, 
 28.50,   6.17E-009, 
 28.60,   4.04E-009, 
 28.70,   4.27E-009, 
 28.80,   9.09E-009, 
 28.90,   2.16E-008, 
 29.00,   2.82E-008, 
 29.10,   3.06E-008, 
 29.20,   2.81E-008, 
 29.30,   2.06E-008, 
 29.40,   7.95E-009, 
 29.50,   3.93E-009, 
 29.60,   2.43E-009, 
 29.70,   1.99E-009, 
 29.80,   3.20E-009, 
 29.90,   6.27E-009, 
 30.00,   8.43E-009, 
 30.10,   9.88E-009, 
 30.20,   9.63E-009, 
 30.30,   8.00E-009, 
 30.40,   4.34E-009, 
 30.50,   2.35E-009, 
 30.60,   1.46E-009, 
 30.70,   1.08E-009, 
 30.80,   1.26E-009, 
 30.90,   2.27E-009, 
 31.00,   3.29E-009, 
 31.10,   4.17E-009, 
 31.20,   4.41E-009, 
 31.30,   4.00E-009, 
 31.40,   2.53E-009, 
 31.50,   1.66E-009, 
 31.60,   1.44E-009, 
 31.70,   2.00E-009, 
 31.80,   5.66E-009, 
 31.90,   1.49E-008, 
 32.00,   2.21E-008, 
 32.10,   2.43E-008, 
 32.20,   2.27E-008, 
 32.30,   1.47E-008, 
 32.40,   6.00E-009, 
 32.50,   3.07E-009, 
 32.60,   1.74E-009, 
 32.70,   9.87E-010, 
 32.80,   4.23E-010, 
 32.90,   3.39E-010, 
 33.00,   2.54E-010, 
 33.10,   2.46E-010, 
 33.20,   2.15E-010, 
 33.30,   2.10E-010, 
 33.40,   1.17E-010, 
 33.50,   9.32E-012, 
 33.60,   3.54E-011, 
 33.70,   9.94E-012, 
 33.80,   2.17E-011, 
 33.90,   9.44E-011, 
 34.00,   2.07E-010, 
 34.10,   1.98E-010, 
 34.20,   1.63E-010, 
 34.30,   9.57E-011, 
 34.40,   9.32E-012, 
 34.50,  -6.21E-013, 
 34.60,  -4.29E-011, 
 34.70,  -1.03E-010, 
 34.80,  -5.78E-011, 
 34.90,  -4.78E-011, 
 35.00,   2.17E-011, 
 35.10,   7.08E-011, 
 35.20,   3.73E-011, 
 35.30,  -1.06E-011, 
 35.40,   4.35E-012, 
 35.50,   2.24E-011, 
 35.60,   4.78E-011, 
 35.70,   7.83E-011, 
 35.80,   1.38E-010, 
 35.90,   3.29E-010, 
 36.00,   4.34E-010, 
 36.10,   5.70E-010, 
 36.20,   6.07E-010, 
 36.30,   5.36E-010, 
 36.40,   2.71E-010, 
 36.50,   1.34E-010, 
 36.60,   7.70E-011, 
 36.70,   6.77E-011, 
 36.80,   1.37E-010, 
 36.90,   3.23E-010, 
 37.00,   5.33E-010, 
 37.10,   8.81E-010, 
 37.20,   1.01E-009, 
 37.30,   9.20E-010, 
 37.40,   3.76E-010, 
 37.50,   2.56E-010, 
 37.60,   1.43E-010, 
 37.70,   6.89E-011, 
 37.80,   1.45E-010, 
 37.90,   5.09E-010, 
 38.00,   1.12E-009, 
 38.10,   1.41E-009, 
 38.20,   1.60E-009, 
 38.30,   1.46E-009, 
 38.40,   9.63E-010, 
 38.50,   3.96E-010, 
 38.60,   2.71E-010, 
 38.70,   2.74E-010, 
 38.80,   5.18E-010, 
 38.90,   1.91E-009, 
 39.00,   3.88E-009, 
 39.10,   5.88E-009, 
 39.20,   6.71E-009, 
 39.30,   6.51E-009, 
 39.40,   3.99E-009, 
 39.50,   2.17E-009, 
 39.60,   1.23E-009, 
 39.70,   8.53E-010, 
 39.80,   5.93E-010, 
 39.90,   1.35E-009, 
 40.00,   2.37E-009, 
 40.10,   3.30E-009, 
 40.20,   3.85E-009, 
 40.30,   3.60E-009, 
 40.40,   2.35E-009, 
 40.50,   1.43E-009, 
 40.60,   1.06E-009, 
 40.70,   8.86E-010, 
 40.80,   9.68E-010, 
 40.90,   2.09E-009, 
 41.00,   5.07E-009, 
 41.10,   8.57E-009, 
 41.20,   1.06E-008, 
 41.30,   1.06E-008, 
 41.40,   6.24E-009, 
 41.50,   3.26E-009, 
 41.60,   2.01E-009, 
 41.70,   1.36E-009, 
 41.80,   1.20E-009, 
 41.90,   1.96E-009, 
 42.00,   4.23E-009, 
 42.10,   7.01E-009, 
 42.20,   8.37E-009, 
 42.30,   8.15E-009, 
 42.40,   5.03E-009, 
 42.50,   2.87E-009, 
 42.60,   1.88E-009, 
 42.70,   1.48E-009, 
 42.80,   1.58E-009, 
 42.90,   2.81E-009, 
 43.00,   6.89E-009, 
 43.10,   1.32E-008, 
 43.20,   1.69E-008, 
 43.30,   1.62E-008, 
 43.40,   8.54E-009, 
 43.50,   5.24E-009, 
 43.60,   4.73E-009, 
 43.70,   5.59E-009, 
 43.80,   9.63E-009, 
 43.90,   4.09E-008, 
 44.00,   1.15E-007, 
 44.10,   1.38E-007, 
 44.20,   1.39E-007, 
 44.30,   7.01E-008, 
 44.40,   1.47E-008, 
 44.50,   5.72E-009, 
 44.60,   3.10E-009, 
 44.70,   1.98E-009, 
 44.80,   1.39E-009, 
 44.90,   1.44E-009, 
 45.00,   2.59E-009, 
 45.10,   4.28E-009, 
 45.20,   5.26E-009, 
 45.30,   5.08E-009, 
 45.40,   3.12E-009, 
 45.50,   1.77E-009, 
 45.60,   1.02E-009, 
 45.70,   4.81E-010, 
 45.80,   3.37E-010, 
 45.90,   3.99E-010, 
 46.00,   7.68E-010, 
 46.10,   1.26E-009, 
 46.20,   1.56E-009, 
 46.30,   1.58E-009, 
 46.40,   1.02E-009, 
 46.50,   4.15E-010, 
 46.60,   2.09E-010, 
 46.70,   1.44E-010, 
 46.80,   2.36E-011, 
 46.90,  -4.84E-011, 
 47.00,  -7.64E-011, 
 47.10,  -5.40E-011, 
 47.20,  -5.28E-011, 
 47.30,   2.36E-011, 
 47.40,   7.27E-011, 
 47.50,  -1.80E-011, 
 47.60,  -1.38E-010, 
 47.70,  -1.30E-010, 
 47.80,  -9.69E-011, 
 47.90,  -8.57E-011, 
 48.00,  -4.04E-011, 
 48.10,   1.26E-010, 
 48.20,   2.14E-010, 
 48.30,   1.76E-010, 
 48.40,   8.70E-011, 
 48.50,   2.42E-011, 
 48.60,  -3.11E-012, 
 48.70,  -6.77E-011, 
 48.80,  -1.00E-010, 
 48.90,  -9.50E-011, 
 49.00,  -9.19E-011, 
 49.10,  -4.72E-011, 
 49.20,  -1.30E-011, 
 49.30,   5.28E-011, 
 49.40,   2.17E-011, 
 49.50,  -4.53E-011, 
 49.60,  -1.99E-011, 
 49.70,  -1.68E-011, 
 49.80,  -9.81E-011, 
 49.90,  -7.95E-011, 
 50.00,   3.17E-011, 
 50.10,   2.47E-010, 
 50.20,   4.37E-010, 
 50.30,   4.55E-010, 
 50.40,   3.04E-010, 
 50.50,   1.27E-010, 
 50.60,   5.90E-011, 
 50.70,  -6.58E-011, 
 50.80,  -9.75E-011, 
 50.90,  -9.38E-011, 
 51.00,  -3.54E-011, 
 51.10,   1.35E-010, 
 51.20,   3.83E-010, 
 51.30,   5.11E-010, 
 51.40,   3.49E-010, 
 51.50,   1.43E-010, 
 51.60,   8.57E-011, 
 51.70,   1.30E-011, 
 51.80,  -2.11E-011, 
 51.90,  -2.17E-011, 
 52.00,   4.35E-011, 
 52.10,   1.75E-010, 
 52.20,   2.55E-010, 
 52.30,   2.96E-010, 
 52.40,   1.93E-010, 
 52.50,   4.72E-011, 
 52.60,   4.53E-011, 
 52.70,   6.09E-011, 
 52.80,   9.32E-011, 
 52.90,   5.22E-011, 
 53.00,   8.26E-011, 
 53.10,   2.26E-010, 
 53.20,   5.04E-010, 
 53.30,   9.24E-010, 
 53.40,   5.29E-010, 
 53.50,   2.39E-010, 
 53.60,   5.84E-011, 
 53.70,   1.74E-011, 
 53.80,   3.11E-012, 
 53.90,  -9.32E-012, 
 54.00,  -1.86E-012, 
 54.10,   1.45E-010, 
 54.20,   3.45E-010, 
 54.30,   5.65E-010, 
 54.40,   4.64E-010, 
 54.50,   1.78E-010, 
 54.60,   3.17E-011, 
 54.70,   2.67E-011, 
 54.80,   4.53E-011, 
 54.90,   6.40E-011, 
 55.00,   1.72E-010, 
 55.10,   6.76E-010, 
 55.20,   1.71E-009, 
 55.30,   2.46E-009, 
 55.40,   2.04E-009, 
 55.50,   1.16E-009, 
 55.60,   5.47E-010, 
 55.70,   2.30E-010, 
 55.80,   9.94E-011, 
 55.90,   3.35E-011, 
 56.00,   4.53E-011, 
 56.10,   2.20E-010, 
 56.20,   8.40E-010, 
 56.30,   1.51E-009, 
 56.40,   1.38E-009, 
 56.50,   8.73E-010, 
 56.60,   3.75E-010, 
 56.70,   2.19E-010, 
 56.80,   1.49E-010, 
 56.90,   7.95E-011, 
 57.00,   5.47E-011, 
 57.10,   2.12E-010, 
 57.20,   7.35E-010, 
 57.30,   1.47E-009, 
 57.40,   1.41E-009, 
 57.50,   8.92E-010, 
 57.60,   2.99E-010, 
 57.70,   2.09E-010, 
 57.80,   9.13E-011, 
 57.90,   8.70E-012, 
 58.00,  -4.35E-012, 
 58.10,   1.86E-011, 
 58.20,   2.43E-010, 
 58.30,   6.97E-010, 
 58.40,   6.75E-010, 
 58.50,   2.65E-010, 
 58.60,   1.94E-010, 
 58.70,   1.58E-010, 
 58.80,   5.22E-011, 
 58.90,   2.80E-011, 
 59.00,   2.17E-011, 
 59.10,  -9.94E-012, 
 59.20,   5.40E-011, 
 59.30,   2.06E-010, 
 59.40,   1.80E-010, 
 59.50,   1.23E-010, 
 59.60,   4.78E-011, 
 59.70,   2.98E-011, 
 59.80,   1.74E-011, 
 59.90,  -6.21E-012, 
 60.00,  -3.42E-011, 
 60.10,   6.77E-011, 
 60.20,   1.70E-010, 
 60.30,   4.21E-010, 
 60.40,   3.40E-010, 
 60.50,   1.70E-010, 
 60.60,   6.46E-011, 
 60.70,  -2.36E-011, 
 60.80,  -2.42E-011, 
 60.90,  -3.91E-011, 
 61.00,  -3.98E-011, 
 61.10,  -2.55E-011, 
 61.20,   4.72E-011, 
 61.30,   1.16E-010, 
 61.40,   6.96E-011, 
 61.50,   4.10E-011, 
 61.60,   2.17E-011, 
 61.70,  -4.16E-011, 
 61.80,  -4.22E-011, 
 61.90,  -3.98E-011, 
 62.00,  -4.60E-011, 
 62.10,  -8.32E-011, 
 62.20,  -5.40E-011, 
 62.30,  -7.76E-011, 
 62.40,  -3.35E-011, 
 62.50,   1.99E-011, 
 62.60,   4.72E-011, 
 62.70,  -6.21E-012, 
 62.80,  -7.70E-011, 
 62.90,  -4.29E-011, 
 63.00,  -3.66E-011, 
 63.10,  -9.57E-011, 
 63.20,  -9.50E-011, 
 63.30,  -7.70E-011, 
 63.40,  -1.29E-010, 
 63.50,  -1.31E-010, 
 63.60,  -1.06E-010, 
 63.70,  -1.02E-010, 
 63.80,  -9.88E-011, 
 63.90,  -9.81E-011, 
 64.00,  -8.14E-011, 
 64.10,  -5.03E-011, 
 64.20,   6.15E-011, 
 64.30,   1.46E-010, 
 64.40,   4.84E-011, 
 64.50,   2.30E-011, 
 64.60,  -9.32E-012, 
 64.70,  -1.52E-010, 
 64.80,  -1.42E-010, 
 64.90,  -1.35E-010, 
 65.00,  -9.32E-011, 
