Jan 19, 2018  03:03:30 PM
Residual Gas Analyzer Software 
Software Version, 3.101.209

Analog Scan Setup:

Data Points in Scan, 641 
Units, Torr 
Noise Floor, 2 
CEM Status, OFF 
Points Per AMU, 10
Scan Start Mass, 1, amu 
Scan Stop Mass, 65, amu
Focus Voltage, 90, Volts 
Ion Energy, HIGH 
Electron Energy, 70, eV 
CEM Voltage, 1000, Volts
CEM Gain, 1.00E+006 
Sensitivity Factor, 1.61E-004 
Filament Current, 1.00, mAmps


  1.00,   1.53E-008, 
  1.10,   1.62E-008, 
  1.20,   8.42E-008, 
  1.30,   3.73E-007, 
  1.40,   3.10E-007, 
  1.50,   2.89E-007, 
  1.60,   3.20E-007, 
  1.70,   3.42E-007, 
  1.80,   3.48E-007, 
  1.90,   3.48E-007, 
  2.00,   3.08E-007, 
  2.10,   3.01E-007, 
  2.20,   2.60E-007, 
  2.30,   2.03E-007, 
  2.40,   1.41E-007, 
  2.50,   3.23E-008, 
  2.60,   1.06E-008, 
  2.70,   6.73E-009, 
  2.80,   5.31E-009, 
  2.90,   4.55E-009, 
  3.00,   4.05E-009, 
  3.10,   3.72E-009, 
  3.20,   3.37E-009, 
  3.30,   3.14E-009, 
  3.40,   2.87E-009, 
  3.50,   2.61E-009, 
  3.60,   2.39E-009, 
  3.70,   2.20E-009, 
  3.80,   2.10E-009, 
  3.90,   1.91E-009, 
  4.00,   1.84E-009, 
  4.10,   1.70E-009, 
  4.20,   1.57E-009, 
  4.30,   1.43E-009, 
  4.40,   1.32E-009, 
  4.50,   1.27E-009, 
  4.60,   1.19E-009, 
  4.70,   1.08E-009, 
  4.80,   1.06E-009, 
  4.90,   1.05E-009, 
  5.00,   1.10E-009, 
  5.10,   1.06E-009, 
  5.20,   1.05E-009, 
  5.30,   8.97E-010, 
  5.40,   8.40E-010, 
  5.50,   7.83E-010, 
  5.60,   7.40E-010, 
  5.70,   5.66E-010, 
  5.80,   5.69E-010, 
  5.90,   7.01E-010, 
  6.00,   4.73E-010, 
  6.10,   5.72E-010, 
  6.20,   5.71E-010, 
  6.30,   6.93E-010, 
  6.40,   8.24E-010, 
  6.50,   5.40E-010, 
  6.60,   4.70E-010, 
  6.70,   4.43E-010, 
  6.80,   5.16E-010, 
  6.90,   4.83E-010, 
  7.00,   4.32E-010, 
  7.10,   4.07E-010, 
  7.20,   4.20E-010, 
  7.30,   3.73E-010, 
  7.40,   3.97E-010, 
  7.50,   3.93E-010, 
  7.60,   4.40E-010, 
  7.70,   3.87E-010, 
  7.80,   3.47E-010, 
  7.90,   3.28E-010, 
  8.00,   3.58E-010, 
  8.10,   3.90E-010, 
  8.20,   3.37E-010, 
  8.30,   2.72E-010, 
  8.40,   3.17E-010, 
  8.50,   2.58E-010, 
  8.60,   2.79E-010, 
  8.70,   2.45E-010, 
  8.80,   2.18E-010, 
  8.90,   2.48E-010, 
  9.00,   2.13E-010, 
  9.10,   2.21E-010, 
  9.20,   2.13E-010, 
  9.30,   2.23E-010, 
  9.40,   2.43E-010, 
  9.50,   2.12E-010, 
  9.60,   1.88E-010, 
  9.70,   1.99E-010, 
  9.80,   2.27E-010, 
  9.90,   1.80E-010, 
 10.00,   1.86E-010, 
 10.10,   1.87E-010, 
 10.20,   1.65E-010, 
 10.30,   2.12E-010, 
 10.40,   2.23E-010, 
 10.50,   2.72E-010, 
 10.60,   2.72E-010, 
 10.70,   2.98E-010, 
 10.80,   3.60E-010, 
 10.90,   2.68E-010, 
 11.00,   2.70E-010, 
 11.10,   2.74E-010, 
 11.20,   2.52E-010, 
 11.30,   2.47E-010, 
 11.40,   3.40E-010, 
 11.50,   8.47E-010, 
 11.60,   2.10E-009, 
 11.70,   4.97E-009, 
 11.80,   7.88E-009, 
 11.90,   1.08E-008, 
 12.00,   1.30E-008, 
 12.10,   1.40E-008, 
 12.20,   1.33E-008, 
 12.30,   1.11E-008, 
 12.40,   6.68E-009, 
 12.50,   3.50E-009, 
 12.60,   2.20E-009, 
 12.70,   1.89E-009, 
 12.80,   2.01E-009, 
 12.90,   2.19E-009, 
 13.00,   2.49E-009, 
 13.10,   2.67E-009, 
 13.20,   2.61E-009, 
 13.30,   2.49E-009, 
 13.40,   1.97E-009, 
 13.50,   1.44E-009, 
 13.60,   1.83E-009, 
 13.70,   3.88E-009, 
 13.80,   6.49E-009, 
 13.90,   8.76E-009, 
 14.00,   1.05E-008, 
 14.10,   1.15E-008, 
 14.20,   1.12E-008, 
 14.30,   9.79E-009, 
 14.40,   6.53E-009, 
 14.50,   3.71E-009, 
 14.60,   2.76E-009, 
 14.70,   3.86E-009, 
 14.80,   5.94E-009, 
 14.90,   7.80E-009, 
 15.00,   9.25E-009, 
 15.10,   1.02E-008, 
 15.20,   1.04E-008, 
 15.30,   9.43E-009, 
 15.40,   6.98E-009, 
 15.50,   4.95E-009, 
 15.60,   6.89E-009, 
 15.70,   2.16E-008, 
 15.80,   3.95E-008, 
 15.90,   5.09E-008, 
 16.00,   5.31E-008, 
 16.10,   5.67E-008, 
 16.20,   4.97E-008, 
 16.30,   4.05E-008, 
 16.40,   1.89E-008, 
 16.50,   1.53E-008, 
 16.60,   4.98E-008, 
 16.70,   2.17E-007, 
 16.80,   3.10E-007, 
 16.90,   3.66E-007, 
 17.00,   3.55E-007, 
 17.10,   3.87E-007, 
 17.20,   3.19E-007, 
 17.30,   2.46E-007, 
 17.40,   5.24E-008, 
 17.50,   5.13E-008, 
 17.60,   2.07E-007, 
 17.70,   8.41E-007, 
 17.80,   1.25E-006, 
 17.90,   1.47E-006, 
 18.00,   1.41E-006, 
 18.10,   1.56E-006, 
 18.20,   1.28E-006, 
 18.30,   9.66E-007, 
 18.40,   8.92E-008, 
 18.50,   1.21E-008, 
 18.60,   5.39E-009, 
 18.70,   3.57E-009, 
 18.80,   3.44E-009, 
 18.90,   3.85E-009, 
 19.00,   4.13E-009, 
 19.10,   4.37E-009, 
 19.20,   4.33E-009, 
 19.30,   4.09E-009, 
 19.40,   2.84E-009, 
 19.50,   1.59E-009, 
 19.60,   1.06E-009, 
 19.70,   9.82E-010, 
 19.80,   1.54E-009, 
 19.90,   2.06E-009, 
 20.00,   2.51E-009, 
 20.10,   2.81E-009, 
 20.20,   2.79E-009, 
 20.30,   2.60E-009, 
 20.40,   1.73E-009, 
 20.50,   8.87E-010, 
 20.60,   2.45E-010, 
 20.70,   1.48E-010, 
 20.80,   6.83E-011, 
 20.90,   2.05E-011, 
 21.00,  -6.27E-011, 
 21.10,  -5.47E-011, 
 21.20,  -6.40E-011, 
 21.30,  -7.14E-011, 
 21.40,  -5.47E-011, 
 21.50,  -4.97E-011, 
 21.60,  -3.11E-012, 
 21.70,   1.24E-010, 
 21.80,   4.35E-010, 
 21.90,   9.67E-010, 
 22.00,   1.15E-009, 
 22.10,   1.19E-009, 
 22.20,   1.23E-009, 
 22.30,   1.15E-009, 
 22.40,   6.57E-010, 
 22.50,   2.16E-010, 
 22.60,   1.34E-010, 
 22.70,   8.57E-011, 
 22.80,   8.70E-012, 
 22.90,  -9.32E-012, 
 23.00,  -8.14E-011, 
 23.10,  -8.32E-011, 
 23.20,  -9.13E-011, 
 23.30,  -7.95E-011, 
 23.40,  -1.20E-010, 
 23.50,  -1.37E-010, 
 23.60,  -1.47E-010, 
 23.70,  -9.01E-011, 
 23.80,   2.80E-011, 
 23.90,   1.20E-010, 
 24.00,   2.38E-010, 
 24.10,   3.18E-010, 
 24.20,   3.01E-010, 
 24.30,   2.77E-010, 
 24.40,   1.64E-010, 
 24.50,   6.83E-011, 
 24.60,   9.01E-011, 
 24.70,   1.00E-010, 
 24.80,   3.86E-010, 
 24.90,   9.99E-010, 
 25.00,   1.27E-009, 
 25.10,   1.33E-009, 
 25.20,   1.35E-009, 
 25.30,   1.35E-009, 
 25.40,   9.60E-010, 
 25.50,   4.52E-010, 
 25.60,   3.59E-010, 
 25.70,   7.17E-010, 
 25.80,   1.85E-009, 
 25.90,   3.90E-009, 
 26.00,   5.59E-009, 
 26.10,   6.46E-009, 
 26.20,   6.53E-009, 
 26.30,   6.24E-009, 
 26.40,   4.09E-009, 
 26.50,   2.37E-009, 
 26.60,   1.64E-009, 
 26.70,   1.64E-009, 
 26.80,   2.96E-009, 
 26.90,   6.54E-009, 
 27.00,   9.90E-009, 
 27.10,   1.21E-008, 
 27.20,   1.21E-008, 
 27.30,   1.15E-008, 
 27.40,   7.40E-009, 
 27.50,   5.36E-009, 
 27.60,   6.74E-009, 
 27.70,   1.70E-008, 
 27.80,   8.74E-008, 
 27.90,   1.84E-007, 
 28.00,   1.86E-007, 
 28.10,   1.94E-007, 
 28.20,   1.69E-007, 
 28.30,   1.12E-007, 
 28.40,   2.15E-008, 
 28.50,   7.08E-009, 
 28.60,   4.10E-009, 
 28.70,   3.31E-009, 
 28.80,   5.04E-009, 
 28.90,   1.20E-008, 
 29.00,   1.90E-008, 
 29.10,   2.27E-008, 
 29.20,   2.13E-008, 
 29.30,   1.83E-008, 
 29.40,   8.55E-009, 
 29.50,   4.14E-009, 
 29.60,   2.47E-009, 
 29.70,   1.74E-009, 
 29.80,   2.02E-009, 
 29.90,   4.04E-009, 
 30.00,   5.93E-009, 
 30.10,   7.19E-009, 
 30.20,   7.34E-009, 
 30.30,   6.84E-009, 
 30.40,   4.21E-009, 
 30.50,   2.39E-009, 
 30.60,   1.40E-009, 
 30.70,   9.50E-010, 
 30.80,   8.45E-010, 
 30.90,   1.50E-009, 
 31.00,   2.30E-009, 
 31.10,   2.98E-009, 
 31.20,   3.24E-009, 
 31.30,   3.27E-009, 
 31.40,   2.31E-009, 
 31.50,   1.52E-009, 
 31.60,   1.19E-009, 
 31.70,   1.44E-009, 
 31.80,   3.07E-009, 
 31.90,   9.16E-009, 
 32.00,   1.57E-008, 
 32.10,   2.01E-008, 
 32.20,   1.92E-008, 
 32.30,   1.51E-008, 
 32.40,   6.68E-009, 
 32.50,   3.42E-009, 
 32.60,   1.90E-009, 
 32.70,   1.14E-009, 
 32.80,   6.57E-010, 
 32.90,   2.55E-010, 
 33.00,   1.73E-010, 
 33.10,   2.26E-010, 
 33.20,   2.30E-010, 
 33.30,   1.55E-010, 
 33.40,   1.06E-010, 
 33.50,   3.66E-011, 
 33.60,   1.12E-011, 
 33.70,   5.90E-011, 
 33.80,   4.04E-011, 
 33.90,   3.23E-011, 
 34.00,   1.22E-010, 
 34.10,   1.89E-010, 
 34.20,   1.88E-010, 
 34.30,   1.31E-010, 
 34.40,   5.78E-011, 
 34.50,   0.00E+000, 
 34.60,  -8.14E-011, 
 34.70,  -1.03E-010, 
 34.80,  -1.08E-010, 
 34.90,  -6.77E-011, 
 35.00,  -4.35E-011, 
 35.10,  -4.72E-011, 
 35.20,  -7.33E-011, 
 35.30,  -1.99E-011, 
 35.40,  -8.01E-011, 
 35.50,  -4.53E-011, 
 35.60,  -7.95E-011, 
 35.70,  -4.72E-011, 
 35.80,  -2.17E-011, 
 35.90,   4.78E-011, 
 36.00,   2.40E-010, 
 36.10,   3.95E-010, 
 36.20,   4.18E-010, 
 36.30,   4.47E-010, 
 36.40,   3.03E-010, 
 36.50,   1.89E-010, 
 36.60,   9.50E-011, 
 36.70,   5.53E-011, 
 36.80,   1.61E-011, 
 36.90,   9.32E-011, 
 37.00,   2.54E-010, 
 37.10,   4.41E-010, 
 37.20,   7.96E-010, 
 37.30,   7.95E-010, 
 37.40,   3.40E-010, 
 37.50,   2.00E-010, 
 37.60,   9.50E-011, 
 37.70,   4.35E-011, 
 37.80,   4.16E-011, 
 37.90,   2.01E-010, 
 38.00,   5.50E-010, 
 38.10,   1.01E-009, 
 38.20,   1.15E-009, 
 38.30,   1.25E-009, 
 38.40,   9.05E-010, 
 38.50,   4.04E-010, 
 38.60,   2.52E-010, 
 38.70,   2.81E-010, 
 38.80,   3.45E-010, 
 38.90,   1.14E-009, 
 39.00,   2.46E-009, 
 39.10,   4.02E-009, 
 39.20,   5.01E-009, 
 39.30,   5.26E-009, 
 39.40,   3.57E-009, 
 39.50,   2.01E-009, 
 39.60,   1.18E-009, 
 39.70,   5.96E-010, 
 39.80,   3.73E-010, 
 39.90,   8.48E-010, 
 40.00,   1.57E-009, 
 40.10,   2.42E-009, 
 40.20,   2.95E-009, 
 40.30,   2.94E-009, 
 40.40,   2.04E-009, 
 40.50,   1.28E-009, 
 40.60,   7.42E-010, 
 40.70,   3.16E-010, 
 40.80,   3.99E-010, 
 40.90,   1.17E-009, 
 41.00,   3.01E-009, 
 41.10,   5.56E-009, 
 41.20,   7.37E-009, 
 41.30,   8.14E-009, 
 41.40,   5.84E-009, 
 41.50,   3.20E-009, 
 41.60,   1.88E-009, 
 41.70,   1.20E-009, 
 41.80,   9.02E-010, 
 41.90,   1.16E-009, 
 42.00,   2.45E-009, 
 42.10,   4.38E-009, 
 42.20,   5.88E-009, 
 42.30,   6.50E-009, 
 42.40,   4.59E-009, 
 42.50,   2.60E-009, 
 42.60,   1.65E-009, 
 42.70,   1.19E-009, 
 42.80,   1.08E-009, 
 42.90,   1.61E-009, 
 43.00,   3.79E-009, 
 43.10,   7.70E-009, 
 43.20,   1.08E-008, 
 43.30,   1.21E-008, 
 43.40,   7.88E-009, 
 43.50,   4.76E-009, 
 43.60,   3.75E-009, 
 43.70,   4.17E-009, 
 43.80,   5.85E-009, 
 43.90,   1.83E-008, 
 44.00,   7.39E-008, 
 44.10,   1.14E-007, 
 44.20,   1.16E-007, 
 44.30,   7.78E-008, 
 44.40,   1.85E-008, 
 44.50,   6.44E-009, 
 44.60,   3.47E-009, 
 44.70,   2.09E-009, 
 44.80,   1.40E-009, 
 44.90,   1.21E-009, 
 45.00,   1.74E-009, 
 45.10,   2.93E-009, 
 45.20,   3.87E-009, 
 45.30,   4.14E-009, 
 45.40,   2.78E-009, 
 45.50,   1.58E-009, 
 45.60,   1.00E-009, 
 45.70,   4.04E-010, 
 45.80,   2.69E-010, 
 45.90,   2.17E-010, 
 46.00,   3.64E-010, 
 46.10,   9.19E-010, 
 46.20,   1.22E-009, 
 46.30,   1.31E-009, 
 46.40,   9.01E-010, 
 46.50,   2.75E-010, 
 46.60,   1.14E-010, 
 46.70,   5.16E-011, 
 46.80,  -1.24E-012, 
 46.90,  -1.55E-011, 
 47.00,  -2.98E-011, 
 47.10,  -3.11E-012, 
 47.20,  -4.04E-011, 
 47.30,   1.99E-011, 
 47.40,  -7.14E-011, 
 47.50,  -8.94E-011, 
 47.60,  -3.91E-011, 
 47.70,   1.80E-011, 
 47.80,   3.11E-011, 
 47.90,  -2.17E-011, 
 48.00,  -2.48E-011, 
 48.10,   5.78E-011, 
 48.20,   1.40E-010, 
 48.30,   1.19E-010, 
 48.40,   7.08E-011, 
 48.50,  -4.97E-012, 
 48.60,  -2.86E-011, 
 48.70,  -5.28E-011, 
 48.80,  -1.49E-010, 
 48.90,  -1.27E-010, 
 49.00,  -1.21E-010, 
 49.10,  -3.73E-011, 
 49.20,  -2.42E-011, 
 49.30,  -6.40E-011, 
 49.40,  -5.40E-011, 
 49.50,  -5.09E-011, 
 49.60,  -6.09E-011, 
 49.70,  -3.48E-011, 
 49.80,  -6.02E-011, 
 49.90,  -2.36E-011, 
 50.00,  -5.65E-011, 
 50.10,   5.59E-012, 
 50.20,   2.07E-010, 
 50.30,   3.57E-010, 
 50.40,   3.30E-010, 
 50.50,   2.43E-010, 
 50.60,   7.20E-011, 
 50.70,   1.86E-012, 
 50.80,  -4.35E-012, 
 50.90,   1.80E-011, 
 51.00,   3.79E-011, 
 51.10,   1.12E-010, 
 51.20,   2.50E-010, 
 51.30,   3.51E-010, 
 51.40,   2.60E-010, 
 51.50,   1.60E-010, 
 51.60,   2.48E-012, 
 51.70,  -2.86E-011, 
 51.80,  -3.35E-011, 
 51.90,  -4.72E-011, 
 52.00,  -2.11E-011, 
 52.10,  -1.24E-012, 
 52.20,   1.94E-010, 
 52.30,   2.78E-010, 
 52.40,   2.34E-010, 
 52.50,   1.17E-010, 
 52.60,   2.42E-011, 
 52.70,   7.08E-011, 
 52.80,  -3.91E-011, 
 52.90,  -6.34E-011, 
 53.00,  -1.93E-011, 
 53.10,   8.26E-011, 
 53.20,   2.66E-010, 
 53.30,   4.58E-010, 
 53.40,   3.99E-010, 
 53.50,   2.19E-010, 
 53.60,   1.23E-010, 
 53.70,   7.70E-011, 
 53.80,   9.69E-011, 
 53.90,   1.68E-011, 
 54.00,  -1.30E-011, 
 54.10,   3.29E-011, 
 54.20,   1.88E-010, 
 54.30,   3.14E-010, 
 54.40,   2.94E-010, 
 54.50,   1.62E-010, 
 54.60,   1.12E-010, 
 54.70,   3.91E-011, 
 54.80,   2.92E-011, 
 54.90,   1.12E-011, 
 55.00,   6.71E-011, 
 55.10,   2.50E-010, 
 55.20,   9.99E-010, 
 55.30,   1.77E-009, 
 55.40,   1.59E-009, 
 55.50,   1.00E-009, 
 55.60,   4.71E-010, 
 55.70,   1.32E-010, 
 55.80,   4.91E-011, 
 55.90,   7.89E-011, 
 56.00,   3.29E-011, 
 56.10,   1.40E-010, 
 56.20,   4.55E-010, 
 56.30,   1.13E-009, 
 56.40,   1.08E-009, 
 56.50,   5.33E-010, 
 56.60,   1.53E-010, 
 56.70,   9.75E-011, 
 56.80,   6.89E-011, 
 56.90,  -3.91E-011, 
 57.00,   8.88E-011, 
 57.10,   9.81E-011, 
 57.20,   4.06E-010, 
 57.30,   1.07E-009, 
 57.40,   9.73E-010, 
 57.50,   4.37E-010, 
 57.60,   1.91E-010, 
 57.70,   9.88E-011, 
 57.80,   6.21E-012, 
 57.90,  -5.47E-011, 
 58.00,  -5.34E-011, 
 58.10,  -4.29E-011, 
 58.20,   6.46E-011, 
 58.30,   2.99E-010, 
 58.40,   3.56E-010, 
 58.50,   1.61E-010, 
 58.60,   9.69E-011, 
 58.70,  -6.21E-012, 
 58.80,  -3.35E-011, 
 58.90,  -8.45E-011, 
 59.00,  -7.33E-011, 
 59.10,  -9.25E-011, 
 59.20,  -6.27E-011, 
 59.30,  -3.11E-012, 
 59.40,   0.00E+000, 
 59.50,  -2.24E-011, 
 59.60,   3.73E-012, 
 59.70,  -5.53E-011, 
 59.80,  -9.94E-012, 
 59.90,  -1.86E-011, 
 60.00,  -1.37E-011, 
 60.10,  -4.60E-011, 
 60.20,   1.12E-010, 
 60.30,   2.86E-010, 
 60.40,   2.22E-010, 
 60.50,   1.11E-010, 
 60.60,   9.32E-012, 
 60.70,  -3.23E-011, 
 60.80,   8.70E-012, 
 60.90,  -9.94E-012, 
 61.00,  -2.73E-011, 
 61.10,  -4.04E-011, 
 61.20,   4.66E-011, 
 61.30,   8.57E-011, 
 61.40,   4.22E-011, 
 61.50,  -1.86E-011, 
 61.60,  -8.39E-011, 
 61.70,  -1.22E-010, 
 61.80,  -5.59E-011, 
 61.90,  -6.02E-011, 
 62.00,  -1.04E-010, 
 62.10,  -1.28E-010, 
 62.20,  -1.24E-010, 
 62.30,  -1.44E-010, 
 62.40,  -1.55E-010, 
 62.50,  -1.50E-010, 
 62.60,  -1.27E-010, 
 62.70,  -1.55E-010, 
 62.80,  -1.10E-010, 
 62.90,  -1.05E-010, 
 63.00,  -1.07E-010, 
 63.10,  -1.26E-010, 
 63.20,  -8.94E-011, 
 63.30,  -8.39E-011, 
 63.40,  -1.01E-010, 
 63.50,  -1.24E-010, 
 63.60,  -1.32E-010, 
 63.70,  -1.30E-010, 
 63.80,  -8.07E-011, 
 63.90,  -5.53E-011, 
 64.00,  -9.50E-011, 
 64.10,  -7.89E-011, 
 64.20,  -2.36E-011, 
 64.30,   1.24E-012, 
 64.40,  -1.06E-011, 
 64.50,  -1.68E-011, 
 64.60,  -8.07E-012, 
 64.70,  -3.04E-011, 
 64.80,  -8.20E-011, 
 64.90,  -9.88E-011, 
 65.00,  -8.51E-011, 
