Time - Plot 0	Amplitude - Plot 0	
0	8.9E-6	
1	9.0E-6	
2	9.0E-6	
3	9.0E-6	
4	9.0E-6	
5	9.1E-6	
6	9.1E-6	
7	9.2E-6	
8	9.2E-6	
9	9.3E-6	
10	9.4E-6	
11	9.5E-6	
12	9.7E-6	
13	9.8E-6	
14	1.0E-5	
15	1.0E-5	
16	1.1E-5	
17	1.2E-5	
18	1.3E-5	
19	1.6E-5	
20	1.9E-5	
21	2.3E-5	
22	2.6E-5	
23	2.9E-5	
24	3.1E-5	
25	3.4E-5	
26	3.7E-5	
27	3.9E-5	
28	4.2E-5	
29	4.5E-5	
30	4.7E-5	
31	5.0E-5	
32	5.3E-5	
33	5.5E-5	
34	5.8E-5	
35	6.0E-5	
36	6.3E-5	
37	6.5E-5	
38	6.8E-5	
39	7.0E-5	
40	7.3E-5	
41	7.6E-5	
42	7.8E-5	
43	8.1E-5	
44	8.4E-5	
45	8.6E-5	
46	8.9E-5	
47	9.2E-5	
48	9.5E-5	
49	9.7E-5	
50	1.0E-4	
51	1.0E-4	
52	1.1E-4	
53	1.1E-4	
54	1.1E-4	
55	1.1E-4	
56	1.2E-4	
57	1.2E-4	
58	1.2E-4	
59	1.2E-4	
60	1.3E-4	
61	1.3E-4	
62	1.3E-4	
63	1.4E-4	
64	1.4E-4	
65	1.4E-4	
66	1.4E-4	
67	1.5E-4	
68	1.5E-4	
69	1.5E-4	
70	1.6E-4	
71	1.6E-4	
72	1.6E-4	
73	1.7E-4	
74	1.7E-4	
75	1.7E-4	
76	1.7E-4	
77	1.8E-4	
78	1.8E-4	
79	1.8E-4	
80	1.9E-4	
81	1.9E-4	
82	1.9E-4	
83	2.0E-4	
84	2.0E-4	
85	2.0E-4	
86	2.1E-4	
87	2.1E-4	
88	2.1E-4	
89	2.2E-4	
90	2.2E-4	
91	2.2E-4	
92	2.3E-4	
93	2.3E-4	
94	2.3E-4	
95	2.3E-4	
96	2.4E-4	
97	2.4E-4	
98	2.4E-4	
99	2.5E-4	
100	2.5E-4	
101	2.5E-4	
102	2.6E-4	
103	2.6E-4	
104	2.6E-4	
105	2.7E-4	
106	2.7E-4	
107	2.7E-4	
108	2.8E-4	
109	2.8E-4	
110	2.8E-4	
111	2.9E-4	
112	2.9E-4	
113	2.9E-4	
114	3.0E-4	
115	3.0E-4	
116	3.0E-4	
117	3.1E-4	
118	3.1E-4	
119	3.1E-4	
120	3.2E-4	
121	3.2E-4	
122	3.3E-4	
123	3.3E-4	
124	3.3E-4	
125	3.4E-4	
126	3.4E-4	
127	3.4E-4	
128	3.5E-4	
129	3.5E-4	
130	3.6E-4	
131	3.6E-4	
132	3.6E-4	
133	3.7E-4	
134	3.7E-4	
135	3.7E-4	
136	3.8E-4	
137	3.8E-4	
138	3.9E-4	
139	3.9E-4	
140	3.9E-4	
141	4.0E-4	
142	4.0E-4	
143	4.1E-4	
144	4.1E-4	
145	4.1E-4	
146	4.2E-4	
147	4.2E-4	
148	4.2E-4	
149	4.3E-4	
150	4.3E-4	
151	4.4E-4	
152	4.4E-4	
153	4.4E-4	
154	4.5E-4	
155	4.5E-4	
156	4.6E-4	
157	4.6E-4	
158	4.6E-4	
159	4.7E-4	
160	4.7E-4	
161	4.8E-4	
162	4.8E-4	
163	4.8E-4	
164	4.9E-4	
165	4.9E-4	
166	5.0E-4	
167	5.0E-4	
168	5.0E-4	
169	5.1E-4	
170	5.1E-4	
171	5.2E-4	
172	5.2E-4	
173	5.2E-4	
174	5.3E-4	
175	5.3E-4	
176	5.3E-4	
177	5.4E-4	
178	5.4E-4	
179	5.5E-4	
180	5.5E-4	
181	5.5E-4	
182	5.6E-4	
183	5.6E-4	
184	5.7E-4	
185	5.7E-4	
186	5.8E-4	
187	5.8E-4	
188	5.9E-4	
189	5.9E-4	
190	6.0E-4	
191	6.0E-4	
192	6.0E-4	
193	6.1E-4	
194	6.1E-4	
195	6.2E-4	
196	6.2E-4	
197	6.3E-4	
198	6.3E-4	
199	6.4E-4	
200	6.4E-4	
201	6.5E-4	
202	6.5E-4	
203	6.5E-4	
204	6.6E-4	
205	6.6E-4	
206	6.7E-4	
207	6.7E-4	
208	6.8E-4	
209	6.8E-4	
210	6.9E-4	
211	6.9E-4	
212	7.0E-4	
213	7.0E-4	
214	7.1E-4	
215	7.1E-4	
216	7.2E-4	
217	7.2E-4	
218	7.3E-4	
219	7.3E-4	
220	7.4E-4	
221	7.4E-4	
222	7.5E-4	
223	7.5E-4	
224	7.6E-4	
225	7.6E-4	
226	7.7E-4	
227	7.7E-4	
228	7.8E-4	
229	7.8E-4	
230	7.9E-4	
231	7.9E-4	
232	8.0E-4	
233	8.0E-4	
234	8.1E-4	
235	8.1E-4	
236	8.2E-4	
237	8.2E-4	
238	8.3E-4	
239	8.3E-4	
240	8.4E-4	
241	8.4E-4	
242	8.5E-4	
243	8.6E-4	
244	8.6E-4	
245	8.6E-4	
246	8.7E-4	
247	8.7E-4	
248	8.8E-4	
249	8.8E-4	
250	8.9E-4	
251	9.0E-4	
252	9.0E-4	
253	9.0E-4	
254	9.1E-4	
255	9.1E-4	
256	9.2E-4	
257	9.2E-4	
258	9.3E-4	
259	9.4E-4	
260	9.4E-4	
261	9.5E-4	
262	9.5E-4	
263	9.5E-4	
264	9.6E-4	
265	9.6E-4	
266	9.7E-4	
267	9.7E-4	
268	9.8E-4	
269	9.8E-4	
270	9.9E-4	
271	1.0E-3	
272	1.0E-3	
273	1.0E-3	
274	1.0E-3	
275	1.0E-3	
276	1.0E-3	
277	1.0E-3	
278	1.0E-3	
279	1.0E-3	
280	1.0E-3	
281	1.0E-3	
282	1.1E-3	
283	1.1E-3	
284	1.1E-3	
285	1.1E-3	
286	1.1E-3	
287	1.1E-3	
288	1.1E-3	
289	1.1E-3	
290	1.1E-3	
291	1.1E-3	
292	1.1E-3	
293	1.1E-3	
294	1.1E-3	
295	1.1E-3	
296	1.1E-3	
297	1.1E-3	
298	1.1E-3	
299	1.1E-3	
300	1.2E-3	
301	1.2E-3	
302	1.2E-3	
303	1.2E-3	
304	1.2E-3	
305	1.2E-3	
306	1.2E-3	
307	1.2E-3	
308	1.2E-3	
309	1.2E-3	
310	1.2E-3	
311	1.2E-3	
312	1.2E-3	
313	1.2E-3	
314	1.2E-3	
315	1.2E-3	
316	1.2E-3	
317	1.3E-3	
318	1.2E-3	
319	1.2E-3	
320	1.2E-3	
321	1.3E-3	
322	1.3E-3	
323	1.3E-3	
324	1.3E-3	
325	1.3E-3	
326	1.3E-3	
327	1.3E-3	
328	1.3E-3	
329	1.3E-3	
330	1.3E-3	
331	1.3E-3	
332	1.3E-3	
333	1.3E-3	
334	1.3E-3	
335	1.3E-3	
336	1.3E-3	
337	1.3E-3	
338	1.4E-3	
339	1.4E-3	
340	1.4E-3	
341	1.4E-3	
342	1.4E-3	
343	1.4E-3	
344	1.4E-3	
345	1.4E-3	
346	1.4E-3	
347	1.4E-3	
348	1.4E-3	
349	1.4E-3	
350	1.4E-3	
351	1.4E-3	
352	1.4E-3	
353	1.4E-3	
354	1.4E-3	
355	1.5E-3	
356	1.5E-3	
357	1.5E-3	
358	1.5E-3	
359	1.5E-3	
360	1.5E-3	
361	1.5E-3	
362	1.5E-3	
363	1.5E-3	
364	1.5E-3	
365	1.5E-3	
366	1.5E-3	
367	1.5E-3	
368	1.5E-3	
369	1.5E-3	
370	1.5E-3	
371	1.6E-3	
372	1.6E-3	
373	1.6E-3	
374	1.6E-3	
375	1.6E-3	
376	1.6E-3	
377	1.6E-3	
378	1.6E-3	
379	1.6E-3	
380	1.6E-3	
381	1.6E-3	
382	1.6E-3	
383	1.6E-3	
384	1.6E-3	
385	1.6E-3	
386	1.6E-3	
387	1.6E-3	
388	1.7E-3	
389	1.7E-3	
390	1.7E-3	
391	1.7E-3	
392	1.7E-3	
393	1.7E-3	
394	1.7E-3	
395	1.7E-3	
396	1.7E-3	
397	1.7E-3	
398	1.7E-3	
399	1.7E-3	
400	1.7E-3	
401	1.7E-3	
402	1.7E-3	
403	1.7E-3	
404	1.7E-3	
405	1.8E-3	
406	1.8E-3	
407	1.8E-3	
408	1.8E-3	
409	1.8E-3	
410	1.8E-3	
411	1.8E-3	
412	1.8E-3	
413	1.8E-3	
414	1.8E-3	
415	1.8E-3	
416	1.8E-3	
417	1.8E-3	
418	1.8E-3	
419	1.8E-3	
420	1.8E-3	
421	1.8E-3	
422	1.8E-3	
423	1.8E-3	
424	1.8E-3	
425	1.8E-3	
426	1.9E-3	
427	1.9E-3	
428	1.9E-3	
429	1.9E-3	
430	1.9E-3	
431	1.9E-3	
432	1.9E-3	
433	1.9E-3	
434	1.9E-3	
435	1.9E-3	
436	1.9E-3	
437	1.9E-3	
438	1.9E-3	
439	1.9E-3	
440	1.9E-3	
441	1.9E-3	
442	1.9E-3	
443	2.0E-3	
444	2.0E-3	
445	2.0E-3	
446	2.0E-3	
447	2.0E-3	
448	2.0E-3	
449	2.0E-3	
450	2.0E-3	
451	2.0E-3	
452	2.0E-3	
453	2.0E-3	
454	2.0E-3	
455	2.0E-3	
456	2.0E-3	
457	2.0E-3	
458	2.1E-3	
459	2.1E-3	
460	2.1E-3	
461	2.1E-3	
462	2.1E-3	
463	2.1E-3	
464	2.1E-3	
465	2.1E-3	
466	2.1E-3	
467	2.1E-3	
468	2.1E-3	
469	2.1E-3	
470	2.1E-3	
471	2.1E-3	
472	2.1E-3	
473	2.1E-3	
474	2.1E-3	
475	2.2E-3	
476	2.2E-3	
477	2.2E-3	
478	2.2E-3	
479	2.2E-3	
480	2.2E-3	
481	2.2E-3	
482	2.2E-3	
483	2.2E-3	
484	2.2E-3	
485	2.2E-3	
486	2.2E-3	
487	2.2E-3	
488	2.2E-3	
489	2.3E-3	
490	2.3E-3	
491	2.3E-3	
492	2.3E-3	
493	2.3E-3	
494	2.3E-3	
495	2.3E-3	
496	2.3E-3	
497	2.3E-3	
498	2.3E-3	
499	2.3E-3	
500	2.3E-3	
501	2.3E-3	
502	2.4E-3	
503	2.4E-3	
504	2.4E-3	
505	2.4E-3	
506	2.4E-3	
507	2.4E-3	
508	2.4E-3	
509	2.4E-3	
510	2.4E-3	
511	2.4E-3	
512	2.4E-3	
513	2.4E-3	
514	2.4E-3	
515	2.4E-3	
516	2.4E-3	
517	2.5E-3	
518	2.5E-3	
519	2.5E-3	
520	2.5E-3	
521	2.5E-3	
522	2.5E-3	
523	2.5E-3	
524	2.5E-3	
525	2.5E-3	
526	2.5E-3	
527	2.5E-3	
528	2.5E-3	
529	2.5E-3	
530	2.6E-3	
531	2.6E-3	
532	2.6E-3	
533	2.6E-3	
534	2.6E-3	
535	2.6E-3	
536	2.6E-3	
537	2.6E-3	
538	2.6E-3	
539	2.6E-3	
540	2.6E-3	
541	2.6E-3	
542	2.6E-3	
543	2.7E-3	
544	2.7E-3	
545	2.7E-3	
546	2.7E-3	
547	2.7E-3	
548	2.7E-3	
549	2.7E-3	
550	2.7E-3	
551	2.7E-3	
552	2.7E-3	
553	2.7E-3	
554	2.7E-3	
555	2.7E-3	
556	2.8E-3	
557	2.8E-3	
558	2.8E-3	
559	2.8E-3	
560	2.8E-3	
561	2.8E-3	
562	2.8E-3	
563	2.8E-3	
564	2.8E-3	
565	2.8E-3	
566	2.8E-3	
567	2.8E-3	
568	2.9E-3	
569	2.9E-3	
570	2.9E-3	
571	2.9E-3	
572	2.9E-3	
573	2.9E-3	
574	2.9E-3	
575	2.9E-3	
576	2.9E-3	
577	2.9E-3	
578	2.9E-3	
579	2.9E-3	
580	2.9E-3	
581	2.9E-3	
582	3.0E-3	
583	3.0E-3	
584	3.0E-3	
585	3.0E-3	
586	3.0E-3	
587	3.0E-3	
588	3.0E-3	
589	3.0E-3	
590	3.0E-3	
591	3.0E-3	
592	3.0E-3	
593	3.0E-3	
594	3.0E-3	
595	3.0E-3	
596	3.0E-3	
597	3.1E-3	
598	3.1E-3	
599	3.1E-3	
600	3.1E-3	
601	3.1E-3	
602	3.1E-3	
603	3.1E-3	
604	3.1E-3	
605	3.1E-3	
606	3.1E-3	
607	3.1E-3	
608	3.2E-3	
609	3.2E-3	
610	3.2E-3	
611	3.2E-3	
612	3.2E-3	
613	3.2E-3	
614	3.2E-3	
615	3.2E-3	
616	3.2E-3	
617	3.2E-3	
618	3.2E-3	
619	3.2E-3	
620	3.3E-3	
621	3.3E-3	
622	3.3E-3	
623	3.3E-3	
624	3.3E-3	
625	3.3E-3	
626	3.3E-3	
627	3.3E-3	
628	3.3E-3	
629	3.3E-3	
630	3.3E-3	
631	3.3E-3	
632	3.3E-3	
633	3.3E-3	
634	3.3E-3	
635	3.4E-3	
636	3.4E-3	
637	3.4E-3	
638	3.4E-3	
639	3.4E-3	
640	3.4E-3	
641	3.4E-3	
642	3.4E-3	
643	3.4E-3	
644	3.4E-3	
645	3.4E-3	
646	3.4E-3	
647	3.5E-3	
648	3.5E-3	
649	3.5E-3	
650	3.5E-3	
651	3.5E-3	
652	3.5E-3	
653	3.5E-3	
654	3.5E-3	
655	3.5E-3	
656	3.5E-3	
657	3.5E-3	
658	3.5E-3	
659	3.5E-3	
660	3.5E-3	
661	3.6E-3	
662	3.6E-3	
663	3.6E-3	
664	3.6E-3	
665	3.6E-3	
666	3.6E-3	
667	3.6E-3	
668	3.6E-3	
669	3.6E-3	
670	3.6E-3	
671	3.6E-3	
672	3.6E-3	
673	3.7E-3	
674	3.7E-3	
675	3.7E-3	
676	3.7E-3	
677	3.7E-3	
678	3.7E-3	
679	3.7E-3	
680	3.7E-3	
681	3.7E-3	
682	3.7E-3	
683	3.7E-3	
684	3.7E-3	
685	3.7E-3	
686	3.8E-3	
687	3.8E-3	
688	3.8E-3	
689	3.8E-3	
690	3.8E-3	
691	3.8E-3	
692	3.8E-3	
693	3.8E-3	
694	3.8E-3	
695	3.8E-3	
696	3.8E-3	
697	3.8E-3	
698	3.9E-3	
699	3.9E-3	
700	3.9E-3	
701	3.9E-3	
702	3.9E-3	
703	3.9E-3	
704	3.9E-3	
705	3.9E-3	
706	3.9E-3	
707	3.9E-3	
708	3.9E-3	
709	3.9E-3	
710	3.9E-3	
711	4.0E-3	
712	4.0E-3	
713	4.0E-3	
714	4.0E-3	
715	4.0E-3	
716	4.0E-3	
717	4.0E-3	
718	4.0E-3	
719	4.0E-3	
720	4.1E-3	
721	4.1E-3	
722	4.1E-3	
723	4.1E-3	
724	4.1E-3	
725	4.1E-3	
726	4.1E-3	
727	4.1E-3	
728	4.1E-3	
729	4.1E-3	
730	4.1E-3	
731	4.1E-3	
732	4.2E-3	
733	4.2E-3	
734	4.2E-3	
735	4.2E-3	
736	4.2E-3	
737	4.2E-3	
738	4.2E-3	
739	4.2E-3	
740	4.2E-3	
741	4.2E-3	
742	4.2E-3	
743	4.2E-3	
744	4.2E-3	
745	4.2E-3	
746	4.2E-3	
747	4.3E-3	
748	4.3E-3	
749	4.3E-3	
750	4.3E-3	
751	4.3E-3	
752	4.3E-3	
753	4.3E-3	
754	4.3E-3	
755	4.4E-3	
756	4.4E-3	
757	4.4E-3	
758	4.4E-3	
759	4.4E-3	
760	4.4E-3	
761	4.4E-3	
762	4.4E-3	
763	4.4E-3	
764	4.4E-3	
765	4.4E-3	
766	4.4E-3	
767	4.4E-3	
768	4.5E-3	
769	4.5E-3	
770	4.5E-3	
771	4.5E-3	
772	4.5E-3	
773	4.5E-3	
774	4.5E-3	
775	4.5E-3	
776	4.5E-3	
777	4.6E-3	
778	4.6E-3	
779	4.6E-3	
780	4.6E-3	
781	4.6E-3	
782	4.6E-3	
783	4.6E-3	
784	4.6E-3	
785	4.6E-3	
786	4.6E-3	
787	4.7E-3	
788	4.7E-3	
789	4.7E-3	
790	4.7E-3	
791	4.7E-3	
792	4.7E-3	
793	4.7E-3	
794	4.7E-3	
795	4.7E-3	
796	4.7E-3	
797	4.7E-3	
798	4.7E-3	
799	4.7E-3	
800	4.8E-3	
801	4.8E-3	
802	4.8E-3	
803	4.8E-3	
804	4.8E-3	
805	4.8E-3	
806	4.8E-3	
807	4.8E-3	
808	4.8E-3	
809	4.9E-3	
810	4.9E-3	
811	4.9E-3	
812	4.9E-3	
813	4.9E-3	
814	4.9E-3	
815	4.9E-3	
816	4.9E-3	
817	4.9E-3	
818	4.9E-3	
819	4.9E-3	
820	5.0E-3	
821	5.0E-3	
822	5.0E-3	
823	5.0E-3	
824	5.0E-3	
825	5.0E-3	
826	5.0E-3	
827	5.0E-3	
828	5.1E-3	
829	5.1E-3	
830	5.1E-3	
831	5.1E-3	
832	5.1E-3	
833	5.1E-3	
834	5.1E-3	
835	5.1E-3	
836	5.1E-3	
837	5.1E-3	
838	5.2E-3	
839	5.2E-3	
840	5.2E-3	
841	5.2E-3	
842	5.2E-3	
843	5.2E-3	
844	5.2E-3	
845	5.2E-3	
846	5.2E-3	
847	5.2E-3	
848	5.2E-3	
849	5.2E-3	
850	5.2E-3	
851	5.2E-3	
852	5.2E-3	
853	5.2E-3	
854	5.2E-3	
855	5.3E-3	
856	5.3E-3	
857	5.3E-3	
858	5.3E-3	
859	5.3E-3	
860	5.3E-3	
861	5.3E-3	
862	5.3E-3	
863	5.3E-3	
864	5.3E-3	
865	5.4E-3	
866	5.4E-3	
867	5.4E-3	
868	5.4E-3	
869	5.4E-3	
870	5.4E-3	
871	5.4E-3	
872	5.4E-3	
873	5.4E-3	
874	5.4E-3	
875	5.4E-3	
876	5.5E-3	
877	5.5E-3	
878	5.5E-3	
879	5.5E-3	
880	5.5E-3	
881	5.5E-3	
882	5.5E-3	
883	5.5E-3	
884	5.5E-3	
885	5.5E-3	
886	5.5E-3	
887	5.6E-3	
888	5.6E-3	
889	5.6E-3	
890	5.6E-3	
891	5.6E-3	
892	5.6E-3	
893	5.6E-3	
894	5.6E-3	
895	5.6E-3	
896	5.6E-3	
897	5.6E-3	
898	5.6E-3	
899	5.7E-3	
900	5.7E-3	
901	5.7E-3	
902	5.7E-3	
903	5.7E-3	
904	5.7E-3	
905	5.7E-3	
906	5.8E-3	
907	5.8E-3	
908	5.8E-3	
909	5.8E-3	
910	5.8E-3	
911	5.8E-3	
912	5.8E-3	
913	5.8E-3	
914	5.8E-3	
915	5.8E-3	
916	5.8E-3	
917	5.8E-3	
918	5.9E-3	
919	5.9E-3	
920	5.9E-3	
921	5.9E-3	
922	5.9E-3	
923	5.9E-3	
