Time - Plot 0	Amplitude - Plot 0	
0	2.2E-6	
1	2.2E-6	
2	2.2E-6	
3	2.2E-6	
4	2.2E-6	
5	2.2E-6	
6	2.2E-6	
7	2.2E-6	
8	2.2E-6	
9	2.2E-6	
10	2.2E-6	
11	2.2E-6	
12	2.2E-6	
13	2.2E-6	
14	2.2E-6	
15	2.2E-6	
16	2.2E-6	
17	2.2E-6	
18	2.2E-6	
19	2.2E-6	
20	2.2E-6	
21	2.2E-6	
22	2.3E-6	
23	2.3E-6	
24	2.3E-6	
25	2.3E-6	
26	2.3E-6	
27	2.3E-6	
28	2.4E-6	
29	2.4E-6	
30	2.4E-6	
31	2.4E-6	
32	2.4E-6	
33	2.5E-6	
34	2.5E-6	
35	2.6E-6	
36	2.6E-6	
37	2.7E-6	
38	2.8E-6	
39	3.0E-6	
40	3.4E-6	
41	4.3E-6	
42	5.7E-6	
43	7.1E-6	
44	8.5E-6	
45	9.9E-6	
46	1.1E-5	
47	1.2E-5	
48	1.4E-5	
49	1.5E-5	
50	1.6E-5	
51	1.7E-5	
52	1.9E-5	
53	2.0E-5	
54	2.1E-5	
55	2.3E-5	
56	2.4E-5	
57	2.5E-5	
58	2.7E-5	
59	2.8E-5	
60	3.0E-5	
61	3.2E-5	
62	3.4E-5	
63	3.5E-5	
64	3.7E-5	
65	3.6E-5	
66	3.7E-5	
67	3.8E-5	
68	3.8E-5	
69	3.8E-5	
70	3.9E-5	
71	3.9E-5	
72	3.9E-5	
73	4.0E-5	
74	4.0E-5	
75	4.1E-5	
76	4.1E-5	
77	4.2E-5	
78	4.2E-5	
79	4.2E-5	
80	4.3E-5	
81	4.3E-5	
82	4.4E-5	
83	4.4E-5	
84	4.5E-5	
85	4.5E-5	
86	4.6E-5	
87	4.6E-5	
88	4.6E-5	
89	4.7E-5	
90	4.7E-5	
91	4.8E-5	
92	4.8E-5	
93	4.9E-5	
94	4.9E-5	
95	5.0E-5	
96	5.0E-5	
97	5.1E-5	
98	5.1E-5	
99	5.2E-5	
100	5.2E-5	
101	5.3E-5	
102	5.3E-5	
103	5.3E-5	
104	5.4E-5	
105	5.4E-5	
106	5.5E-5	
107	5.5E-5	
108	5.6E-5	
109	5.6E-5	
110	5.7E-5	
111	5.7E-5	
112	5.8E-5	
113	5.8E-5	
114	5.9E-5	
115	5.9E-5	
116	6.0E-5	
117	6.0E-5	
118	6.0E-5	
119	6.1E-5	
120	6.1E-5	
121	6.2E-5	
122	6.3E-5	
123	6.3E-5	
124	6.3E-5	
125	6.4E-5	
126	6.4E-5	
127	6.5E-5	
128	6.5E-5	
129	6.6E-5	
130	6.6E-5	
131	6.7E-5	
132	6.7E-5	
133	6.8E-5	
134	6.8E-5	
135	6.9E-5	
136	6.9E-5	
137	7.0E-5	
138	7.0E-5	
139	7.1E-5	
140	7.1E-5	
141	7.2E-5	
142	7.2E-5	
143	7.3E-5	
144	7.4E-5	
145	7.4E-5	
146	7.4E-5	
147	7.5E-5	
148	7.6E-5	
149	7.6E-5	
150	7.7E-5	
151	7.7E-5	
152	7.8E-5	
153	7.8E-5	
154	7.9E-5	
155	7.9E-5	
156	8.0E-5	
157	8.1E-5	
158	8.1E-5	
159	8.2E-5	
160	8.2E-5	
161	8.3E-5	
162	8.3E-5	
163	8.4E-5	
164	8.5E-5	
165	8.5E-5	
166	8.6E-5	
167	8.6E-5	
168	8.7E-5	
169	8.7E-5	
170	8.8E-5	
171	8.9E-5	
172	9.0E-5	
173	9.0E-5	
174	9.0E-5	
175	9.1E-5	
176	9.1E-5	
177	9.2E-5	
178	9.3E-5	
179	9.3E-5	
180	9.4E-5	
181	9.5E-5	
182	9.5E-5	
183	9.6E-5	
184	9.6E-5	
185	9.7E-5	
186	9.7E-5	
187	9.8E-5	
188	9.9E-5	
189	9.9E-5	
190	1.0E-4	
191	1.0E-4	
192	1.0E-4	
193	1.0E-4	
194	1.0E-4	
195	1.0E-4	
196	1.0E-4	
197	1.0E-4	
198	1.0E-4	
199	1.1E-4	
200	1.1E-4	
201	1.1E-4	
202	1.1E-4	
203	1.1E-4	
204	1.1E-4	
205	1.1E-4	
206	1.1E-4	
207	1.1E-4	
208	1.1E-4	
209	1.1E-4	
210	1.1E-4	
211	1.1E-4	
212	1.1E-4	
213	1.1E-4	
214	1.1E-4	
215	1.1E-4	
216	1.2E-4	
217	1.2E-4	
218	1.2E-4	
219	1.2E-4	
220	1.2E-4	
221	1.2E-4	
222	1.2E-4	
223	1.2E-4	
224	1.2E-4	
225	1.2E-4	
226	1.2E-4	
227	1.2E-4	
228	1.2E-4	
229	1.2E-4	
230	1.2E-4	
231	1.2E-4	
232	1.3E-4	
233	1.3E-4	
234	1.3E-4	
235	1.3E-4	
236	1.3E-4	
237	1.3E-4	
238	1.3E-4	
239	1.3E-4	
240	1.3E-4	
241	1.3E-4	
242	1.3E-4	
243	1.3E-4	
244	1.3E-4	
245	1.3E-4	
246	1.3E-4	
247	1.4E-4	
248	1.4E-4	
249	1.4E-4	
250	1.4E-4	
251	1.4E-4	
252	1.4E-4	
253	1.4E-4	
254	1.4E-4	
255	1.4E-4	
256	1.4E-4	
257	1.4E-4	
258	1.4E-4	
259	1.4E-4	
260	1.4E-4	
261	1.4E-4	
262	1.5E-4	
263	1.5E-4	
264	1.5E-4	
265	1.5E-4	
266	1.5E-4	
267	1.5E-4	
268	1.5E-4	
269	1.5E-4	
270	1.5E-4	
271	1.5E-4	
272	1.5E-4	
273	1.5E-4	
274	1.5E-4	
275	1.5E-4	
276	1.6E-4	
277	1.6E-4	
278	1.6E-4	
279	1.6E-4	
280	1.6E-4	
281	1.6E-4	
