Time - Plot 0	Amplitude - Plot 0	
0	4.9E-5	
1	2.3E-5	
2	2.3E-5	
3	2.3E-5	
4	2.3E-5	
5	2.3E-5	
6	2.3E-5	
7	2.3E-5	
8	2.3E-5	
9	2.3E-5	
10	2.3E-5	
11	2.3E-5	
12	2.3E-5	
13	2.3E-5	
14	2.3E-5	
15	2.3E-5	
16	2.3E-5	
17	2.3E-5	
18	2.3E-5	
19	2.3E-5	
20	2.3E-5	
21	2.3E-5	
22	2.3E-5	
23	2.3E-5	
24	2.3E-5	
25	2.4E-5	
26	2.4E-5	
27	2.4E-5	
28	2.4E-5	
29	2.4E-5	
30	2.4E-5	
31	2.5E-5	
32	2.5E-5	
33	2.5E-5	
34	2.6E-5	
35	2.6E-5	
36	2.7E-5	
37	2.8E-5	
38	2.9E-5	
39	3.0E-5	
40	3.3E-5	
41	3.8E-5	
42	4.7E-5	
43	5.7E-5	
44	6.7E-5	
45	7.7E-5	
46	8.6E-5	
47	9.6E-5	
48	1.0E-4	
49	1.1E-4	
50	1.2E-4	
51	1.3E-4	
52	1.4E-4	
53	1.5E-4	
54	1.5E-4	
55	1.6E-4	
56	1.7E-4	
57	1.8E-4	
58	1.9E-4	
59	2.0E-4	
60	2.1E-4	
61	2.1E-4	
62	2.2E-4	
63	2.3E-4	
64	2.4E-4	
65	2.5E-4	
66	2.6E-4	
67	2.6E-4	
68	2.7E-4	
69	2.8E-4	
70	2.9E-4	
71	3.0E-4	
72	3.1E-4	
73	3.2E-4	
74	3.2E-4	
75	3.3E-4	
76	3.4E-4	
77	3.5E-4	
78	3.6E-4	
79	3.7E-4	
80	3.8E-4	
81	3.9E-4	
82	4.0E-4	
83	4.1E-4	
84	4.2E-4	
85	4.3E-4	
86	4.4E-4	
87	4.4E-4	
88	4.5E-4	
89	4.6E-4	
90	4.7E-4	
91	4.8E-4	
92	4.9E-4	
93	5.0E-4	
94	5.1E-4	
95	5.2E-4	
96	5.3E-4	
97	5.4E-4	
98	5.5E-4	
99	5.6E-4	
100	5.7E-4	
101	5.8E-4	
102	5.9E-4	
103	6.0E-4	
104	6.1E-4	
105	6.2E-4	
106	6.3E-4	
107	6.4E-4	
108	6.5E-4	
109	6.6E-4	
110	6.7E-4	
111	6.8E-4	
112	6.9E-4	
113	7.0E-4	
114	7.1E-4	
115	7.2E-4	
116	7.3E-4	
117	7.4E-4	
118	7.5E-4	
119	7.6E-4	
120	7.8E-4	
121	7.9E-4	
122	8.0E-4	
123	8.1E-4	
124	8.2E-4	
125	8.3E-4	
126	8.4E-4	
127	8.5E-4	
128	8.6E-4	
129	8.7E-4	
130	8.8E-4	
131	9.0E-4	
132	9.0E-4	
133	9.1E-4	
134	9.3E-4	
135	9.4E-4	
136	9.5E-4	
137	9.6E-4	
138	9.7E-4	
139	9.8E-4	
140	9.9E-4	
141	1.0E-3	
142	1.0E-3	
143	1.0E-3	
144	1.0E-3	
145	1.0E-3	
146	1.1E-3	
147	1.1E-3	
148	1.1E-3	
149	1.1E-3	
150	1.1E-3	
151	1.1E-3	
152	1.1E-3	
153	1.1E-3	
154	1.1E-3	
155	1.2E-3	
156	1.2E-3	
157	1.2E-3	
158	1.2E-3	
159	1.2E-3	
160	1.2E-3	
161	1.2E-3	
162	1.2E-3	
163	1.3E-3	
164	1.2E-3	
165	1.3E-3	
166	1.3E-3	
167	1.3E-3	
168	1.3E-3	
169	1.3E-3	
170	1.3E-3	
171	1.3E-3	
172	1.3E-3	
173	1.3E-3	
174	1.4E-3	
175	1.4E-3	
176	1.4E-3	
177	1.4E-3	
178	1.4E-3	
179	1.4E-3	
180	1.4E-3	
181	1.4E-3	
182	1.4E-3	
183	1.5E-3	
184	1.5E-3	
185	1.5E-3	
186	1.5E-3	
187	1.5E-3	
188	1.5E-3	
189	1.5E-3	
190	1.5E-3	
191	1.5E-3	
192	1.6E-3	
193	1.6E-3	
194	1.6E-3	
195	1.6E-3	
196	1.6E-3	
197	1.6E-3	
198	1.6E-3	
199	1.6E-3	
200	1.7E-3	
201	1.7E-3	
202	1.7E-3	
203	1.7E-3	
204	1.7E-3	
205	1.7E-3	
206	1.7E-3	
207	1.7E-3	
208	1.7E-3	
209	1.7E-3	
210	1.8E-3	
211	1.8E-3	
212	1.8E-3	
213	1.8E-3	
214	1.8E-3	
215	1.8E-3	
216	1.8E-3	
217	1.8E-3	
218	1.8E-3	
219	1.8E-3	
220	1.8E-3	
221	1.9E-3	
222	1.9E-3	
223	1.9E-3	
224	1.9E-3	
225	1.9E-3	
226	1.9E-3	
227	1.9E-3	
228	1.9E-3	
229	1.9E-3	
230	1.9E-3	
231	2.0E-3	
232	2.0E-3	
233	2.0E-3	
234	2.0E-3	
235	2.0E-3	
236	2.0E-3	
237	2.0E-3	
238	2.0E-3	
239	2.1E-3	
240	2.1E-3	
241	2.1E-3	
242	2.1E-3	
243	2.1E-3	
244	2.1E-3	
245	2.1E-3	
246	2.1E-3	
247	2.1E-3	
248	2.2E-3	
249	2.2E-3	
250	2.2E-3	
251	2.2E-3	
252	2.2E-3	
253	2.2E-3	
254	2.2E-3	
255	2.2E-3	
256	2.3E-3	
257	2.3E-3	
258	2.3E-3	
259	2.3E-3	
260	2.3E-3	
261	2.3E-3	
262	2.3E-3	
263	2.3E-3	
264	2.4E-3	
265	2.4E-3	
266	2.4E-3	
267	2.4E-3	
268	2.4E-3	
