Time - Plot 0	Amplitude - Plot 0	
0	1.0E+3	
1	1.3E-4	
2	1.3E-4	
3	1.3E-4	
4	1.3E-4	
5	1.3E-4	
6	1.3E-4	
7	1.3E-4	
8	1.3E-4	
9	1.3E-4	
10	1.3E-4	
11	1.3E-4	
12	1.3E-4	
13	1.3E-4	
14	1.3E-4	
15	1.3E-4	
16	1.3E-4	
17	1.3E-4	
18	1.3E-4	
19	1.3E-4	
20	1.3E-4	
21	1.3E-4	
22	1.3E-4	
23	1.3E-4	
24	1.3E-4	
25	1.3E-4	
26	1.3E-4	
27	1.4E-4	
28	1.4E-4	
29	1.4E-4	
30	1.4E-4	
31	1.4E-4	
32	1.4E-4	
33	1.4E-4	
34	1.4E-4	
35	1.5E-4	
36	1.5E-4	
37	1.5E-4	
38	1.6E-4	
39	1.7E-4	
40	1.8E-4	
41	2.1E-4	
42	2.4E-4	
43	2.7E-4	
44	3.0E-4	
45	3.3E-4	
46	3.6E-4	
47	3.9E-4	
48	4.2E-4	
49	4.5E-4	
50	4.8E-4	
51	5.1E-4	
52	5.4E-4	
53	5.7E-4	
54	6.0E-4	
55	6.3E-4	
56	6.6E-4	
57	6.9E-4	
58	7.3E-4	
59	7.6E-4	
60	7.9E-4	
61	8.3E-4	
62	8.6E-4	
63	8.9E-4	
64	9.2E-4	
65	9.5E-4	
66	9.8E-4	
67	1.0E-3	
68	1.0E-3	
69	1.1E-3	
70	1.1E-3	
71	1.1E-3	
72	1.2E-3	
73	1.2E-3	
74	1.2E-3	
75	1.3E-3	
76	1.3E-3	
77	1.3E-3	
78	1.4E-3	
79	1.4E-3	
80	1.4E-3	
81	1.5E-3	
82	1.5E-3	
83	1.5E-3	
84	1.6E-3	
85	1.6E-3	
86	1.6E-3	
87	1.7E-3	
88	1.7E-3	
89	1.7E-3	
90	1.7E-3	
91	1.8E-3	
92	1.8E-3	
93	1.8E-3	
94	1.8E-3	
95	1.9E-3	
96	1.9E-3	
97	1.9E-3	
98	2.0E-3	
99	2.0E-3	
100	2.0E-3	
101	2.1E-3	
102	2.1E-3	
103	2.1E-3	
104	2.2E-3	
105	2.2E-3	
106	2.2E-3	
107	2.3E-3	
108	2.3E-3	
109	2.3E-3	
110	2.4E-3	
111	2.4E-3	
112	2.4E-3	
113	2.5E-3	
114	2.5E-3	
115	2.5E-3	
116	2.6E-3	
117	2.6E-3	
118	2.6E-3	
119	2.7E-3	
120	2.7E-3	
121	2.7E-3	
122	2.8E-3	
123	2.8E-3	
124	2.8E-3	
125	2.9E-3	
126	2.9E-3	
127	2.9E-3	
128	3.0E-3	
129	3.0E-3	
130	3.1E-3	
131	3.1E-3	
132	3.1E-3	
133	3.2E-3	
134	3.2E-3	
135	3.2E-3	
136	3.3E-3	
137	3.3E-3	
138	3.3E-3	
139	3.4E-3	
140	3.4E-3	
141	3.4E-3	
142	3.5E-3	
143	3.5E-3	
144	3.5E-3	
145	3.6E-3	
146	3.6E-3	
147	3.6E-3	
148	3.7E-3	
149	3.7E-3	
150	3.7E-3	
151	3.8E-3	
152	3.8E-3	
153	3.8E-3	
154	3.9E-3	
155	3.9E-3	
156	3.9E-3	
157	4.0E-3	
158	4.0E-3	
159	4.0E-3	
160	4.1E-3	
161	4.1E-3	
162	4.1E-3	
163	4.2E-3	
164	4.2E-3	
165	4.2E-3	
166	4.3E-3	
167	4.3E-3	
168	4.4E-3	
169	4.4E-3	
170	4.4E-3	
171	4.5E-3	
172	4.5E-3	
173	4.5E-3	
174	4.6E-3	
175	4.6E-3	
176	4.7E-3	
177	4.7E-3	
178	4.7E-3	
179	4.8E-3	
180	4.8E-3	
181	4.8E-3	
182	4.9E-3	
183	4.9E-3	
184	5.0E-3	
185	5.0E-3	
186	5.0E-3	
187	5.1E-3	
188	5.1E-3	
189	5.2E-3	
190	5.2E-3	
191	5.2E-3	
192	5.2E-3	
193	5.3E-3	
194	5.3E-3	
195	5.3E-3	
196	5.4E-3	
197	5.4E-3	
198	5.4E-3	
199	5.5E-3	
200	5.5E-3	
201	5.5E-3	
202	5.6E-3	
203	5.6E-3	
204	5.6E-3	
205	5.7E-3	
206	5.7E-3	
207	5.8E-3	
208	5.8E-3	
209	5.8E-3	
210	5.9E-3	
211	5.9E-3	
212	5.9E-3	
213	6.0E-3	
214	6.0E-3	
215	6.0E-3	
216	6.0E-3	
217	6.1E-3	
218	6.1E-3	
219	6.1E-3	
220	6.2E-3	
221	6.2E-3	
222	6.3E-3	
223	6.3E-3	
224	6.3E-3	
225	6.4E-3	
226	6.4E-3	
227	6.4E-3	
228	6.5E-3	
229	6.7E-3	
230	6.7E-3	
231	6.7E-3	
232	6.8E-3	
233	6.9E-3	
234	6.9E-3	
235	7.0E-3	
236	7.0E-3	
237	7.0E-3	
238	7.0E-3	
239	7.1E-3	
240	7.1E-3	
241	7.1E-3	
242	7.2E-3	
243	7.5E-3	
244	7.7E-3	
245	7.7E-3	
246	7.8E-3	
247	7.8E-3	
248	7.9E-3	
249	7.9E-3	
250	8.0E-3	
251	8.0E-3	
252	8.1E-3	
253	8.1E-3	
254	8.2E-3	
255	8.2E-3	
256	8.3E-3	
257	8.4E-3	
258	8.5E-3	
259	8.6E-3	
260	8.6E-3	
261	8.7E-3	
262	8.8E-3	
263	8.8E-3	
264	8.8E-3	
265	8.9E-3	
266	8.9E-3	
267	8.9E-3	
268	8.9E-3	
269	9.0E-3	
270	9.1E-3	
271	9.2E-3	
272	9.2E-3	
273	9.3E-3	
274	9.7E-3	
275	1.0E-2	
276	1.0E-2	
277	1.0E-2	
278	1.1E-2	
279	1.1E-2	
280	1.1E-2	
281	1.1E-2	
282	1.0E-2	
283	1.1E-2	
284	1.1E-2	
285	1.1E-2	
286	1.1E-2	
287	1.1E-2	
288	1.1E-2	
289	1.1E-2	
290	1.2E-2	
291	1.2E-2	
292	1.2E-2	
293	1.2E-2	
294	1.2E-2	
295	1.2E-2	
296	1.2E-2	
297	1.3E-2	
298	1.3E-2	
299	1.3E-2	
300	1.3E-2	
301	1.2E-2	
302	1.2E-2	
303	1.3E-2	
304	1.3E-2	
305	1.3E-2	
306	1.2E-2	
307	1.3E-2	
308	1.3E-2	
309	1.3E-2	
310	1.3E-2	
311	1.3E-2	
312	1.3E-2	
313	1.3E-2	
314	1.4E-2	
315	1.4E-2	
316	1.4E-2	
317	1.4E-2	
318	1.4E-2	
319	1.4E-2	
320	1.4E-2	
321	1.4E-2	
322	1.4E-2	
323	1.4E-2	
324	1.4E-2	
325	1.4E-2	
326	1.4E-2	
327	1.4E-2	
328	1.5E-2	
329	1.4E-2	
330	1.5E-2	
331	1.5E-2	
332	1.5E-2	
333	1.5E-2	
334	1.5E-2	
335	1.5E-2	
336	1.5E-2	
337	1.6E-2	
338	1.5E-2	
339	1.5E-2	
340	1.6E-2	
341	1.6E-2	
342	1.5E-2	
343	1.5E-2	
344	1.6E-2	
345	1.7E-2	
346	1.7E-2	
347	1.6E-2	
348	1.6E-2	
349	1.7E-2	
350	1.7E-2	
351	1.7E-2	
352	1.7E-2	
353	1.7E-2	
354	1.7E-2	
355	1.7E-2	
356	1.7E-2	
357	1.8E-2	
358	1.9E-2	
359	1.9E-2	
360	1.9E-2	
361	1.9E-2	
362	1.9E-2	
363	2.0E-2	
364	2.0E-2	
365	2.0E-2	
366	1.8E-2	
367	2.0E-2	
368	1.9E-2	
369	2.0E-2	
370	2.0E-2	
371	2.0E-2	
372	1.8E-2	
373	2.0E-2	
374	2.0E-2	
375	2.1E-2	
376	2.1E-2	
377	2.1E-2	
378	2.1E-2	
379	2.1E-2	
380	2.1E-2	
381	2.1E-2	
382	2.1E-2	
383	2.2E-2	
384	2.2E-2	
385	2.1E-2	
386	2.2E-2	
387	2.2E-2	
388	2.2E-2	
389	2.2E-2	
390	2.1E-2	
391	2.2E-2	
392	2.2E-2	
393	2.2E-2	
394	2.2E-2	
395	2.2E-2	
396	2.3E-2	
397	2.3E-2	
398	2.3E-2	
399	2.3E-2	
400	2.3E-2	
401	2.3E-2	
402	2.3E-2	
403	2.2E-2	
404	2.2E-2	
405	2.3E-2	
406	2.3E-2	
407	2.3E-2	
408	2.4E-2	
409	2.4E-2	
410	2.4E-2	
411	2.3E-2	
412	2.4E-2	
413	2.4E-2	
414	2.4E-2	
415	2.4E-2	
416	2.4E-2	
417	2.4E-2	
418	2.4E-2	
419	2.4E-2	
420	2.4E-2	
421	2.4E-2	
422	2.5E-2	
423	2.5E-2	
424	2.5E-2	
425	2.5E-2	
426	2.5E-2	
427	2.5E-2	
428	2.5E-2	
429	2.5E-2	
430	2.5E-2	
431	2.5E-2	
