Time - Plot 0	Amplitude - Plot 0	
0	1.7E-5	
1	1.7E-5	
2	1.7E-5	
3	1.7E-5	
4	1.7E-5	
5	1.7E-5	
6	1.7E-5	
7	1.7E-5	
8	1.7E-5	
9	1.7E-5	
10	1.7E-5	
11	1.7E-5	
12	1.7E-5	
13	1.7E-5	
14	1.7E-5	
15	1.7E-5	
16	1.7E-5	
17	1.7E-5	
18	1.7E-5	
19	1.7E-5	
20	1.7E-5	
21	1.7E-5	
22	1.7E-5	
23	1.7E-5	
24	1.7E-5	
25	1.7E-5	
26	1.8E-5	
27	1.8E-5	
28	1.8E-5	
29	1.8E-5	
30	1.9E-5	
31	1.9E-5	
32	2.0E-5	
33	2.2E-5	
34	2.4E-5	
35	3.0E-5	
36	3.7E-5	
37	4.5E-5	
38	5.1E-5	
39	5.8E-5	
40	6.4E-5	
41	7.0E-5	
42	7.6E-5	
43	8.2E-5	
44	8.9E-5	
45	9.5E-5	
46	1.0E-4	
47	1.1E-4	
48	1.1E-4	
49	1.2E-4	
50	1.2E-4	
51	1.3E-4	
52	1.4E-4	
53	1.4E-4	
54	1.5E-4	
55	1.5E-4	
56	1.6E-4	
57	1.7E-4	
58	1.7E-4	
59	1.8E-4	
60	1.9E-4	
61	1.9E-4	
62	2.0E-4	
63	2.0E-4	
64	2.1E-4	
65	2.2E-4	
66	2.2E-4	
67	2.3E-4	
68	2.4E-4	
69	2.4E-4	
70	2.5E-4	
71	2.5E-4	
72	2.6E-4	
73	2.7E-4	
74	2.7E-4	
75	2.8E-4	
76	2.9E-4	
77	2.9E-4	
78	3.0E-4	
79	3.1E-4	
80	3.1E-4	
81	3.2E-4	
82	3.3E-4	
83	3.3E-4	
84	3.4E-4	
85	3.5E-4	
86	3.5E-4	
87	3.6E-4	
88	3.7E-4	
89	3.8E-4	
90	3.8E-4	
91	3.9E-4	
92	4.0E-4	
93	4.0E-4	
94	4.1E-4	
95	4.2E-4	
96	4.3E-4	
97	4.3E-4	
98	4.4E-4	
99	4.5E-4	
100	4.5E-4	
101	4.6E-4	
102	4.7E-4	
103	4.7E-4	
104	4.8E-4	
105	4.9E-4	
106	5.0E-4	
107	5.0E-4	
108	5.1E-4	
109	5.2E-4	
110	5.2E-4	
111	5.3E-4	
112	5.4E-4	
113	5.4E-4	
114	5.5E-4	
115	5.6E-4	
116	5.7E-4	
117	5.7E-4	
118	5.8E-4	
119	5.9E-4	
120	6.0E-4	
121	6.0E-4	
122	6.1E-4	
123	6.2E-4	
124	6.3E-4	
125	6.3E-4	
126	6.4E-4	
127	6.5E-4	
128	6.6E-4	
129	6.7E-4	
130	6.7E-4	
131	6.8E-4	
132	6.9E-4	
133	7.0E-4	
134	7.1E-4	
135	7.1E-4	
136	7.2E-4	
137	7.3E-4	
138	7.4E-4	
139	7.5E-4	
140	7.6E-4	
141	7.6E-4	
142	7.7E-4	
143	7.8E-4	
144	7.9E-4	
145	7.9E-4	
146	8.0E-4	
147	8.1E-4	
148	8.2E-4	
149	8.3E-4	
150	8.4E-4	
151	8.4E-4	
152	8.5E-4	
153	8.6E-4	
154	8.7E-4	
155	8.8E-4	
156	8.8E-4	
157	8.9E-4	
158	9.0E-4	
159	9.1E-4	
160	9.1E-4	
161	9.2E-4	
162	9.3E-4	
163	9.4E-4	
164	9.5E-4	
165	9.5E-4	
166	9.6E-4	
167	9.7E-4	
168	9.8E-4	
169	9.9E-4	
170	9.9E-4	
171	1.0E-3	
172	1.0E-3	
173	1.0E-3	
174	1.0E-3	
175	1.0E-3	
176	1.0E-3	
177	1.0E-3	
178	1.1E-3	
179	1.1E-3	
180	1.1E-3	
181	1.1E-3	
182	1.1E-3	
183	1.1E-3	
184	1.1E-3	
185	1.1E-3	
186	1.1E-3	
187	1.1E-3	
188	1.1E-3	
189	1.1E-3	
190	1.2E-3	
191	1.2E-3	
192	1.2E-3	
193	1.2E-3	
194	1.2E-3	
195	1.2E-3	
196	1.2E-3	
197	1.2E-3	
198	1.2E-3	
199	1.2E-3	
200	1.2E-3	
201	1.3E-3	
202	1.2E-3	
203	1.2E-3	
204	1.3E-3	
205	1.3E-3	
206	1.3E-3	
207	1.3E-3	
208	1.3E-3	
209	1.3E-3	
210	1.3E-3	
211	1.3E-3	
212	1.3E-3	
213	1.3E-3	
214	1.3E-3	
215	1.3E-3	
216	1.4E-3	
217	1.4E-3	
218	1.4E-3	
219	1.4E-3	
220	1.4E-3	
221	1.4E-3	
222	1.4E-3	
223	1.4E-3	
224	1.4E-3	
225	1.4E-3	
226	1.4E-3	
227	1.4E-3	
228	1.5E-3	
229	1.5E-3	
230	1.5E-3	
231	1.5E-3	
232	1.5E-3	
233	1.5E-3	
234	1.5E-3	
235	1.5E-3	
236	1.5E-3	
237	1.5E-3	
238	1.5E-3	
239	1.5E-3	
240	1.6E-3	
241	1.6E-3	
242	1.6E-3	
243	1.6E-3	
244	1.6E-3	
245	1.6E-3	
246	1.6E-3	
247	1.6E-3	
248	1.6E-3	
249	1.6E-3	
250	1.6E-3	
251	1.6E-3	
252	1.7E-3	
253	1.7E-3	
254	1.7E-3	
255	1.7E-3	
256	1.7E-3	
257	1.7E-3	
258	1.7E-3	
259	1.7E-3	
260	1.7E-3	
261	1.7E-3	
262	1.7E-3	
263	1.7E-3	
264	1.8E-3	
265	1.8E-3	
266	1.8E-3	
267	1.8E-3	
268	1.8E-3	
269	1.8E-3	
270	1.8E-3	
271	1.8E-3	
272	1.8E-3	
273	1.8E-3	
274	1.8E-3	
275	1.8E-3	
276	1.8E-3	
277	1.8E-3	
278	1.8E-3	
279	1.8E-3	
280	1.9E-3	
281	1.9E-3	
282	1.9E-3	
283	1.9E-3	
284	1.9E-3	
285	1.9E-3	
286	1.9E-3	
287	1.9E-3	
288	1.9E-3	
289	1.9E-3	
290	1.9E-3	
291	1.9E-3	
292	1.9E-3	
293	1.9E-3	
294	2.0E-3	
295	2.0E-3	
296	2.0E-3	
297	2.0E-3	
298	2.0E-3	
299	2.0E-3	
300	2.0E-3	
301	2.0E-3	
302	2.0E-3	
303	2.0E-3	
304	2.0E-3	
305	2.1E-3	
306	2.1E-3	
307	2.1E-3	
308	2.1E-3	
309	2.1E-3	
310	2.1E-3	
311	2.1E-3	
312	2.1E-3	
313	2.1E-3	
314	2.1E-3	
315	2.1E-3	
316	2.1E-3	
317	2.1E-3	
318	2.2E-3	
319	2.2E-3	
320	2.2E-3	
321	2.2E-3	
322	2.2E-3	
323	2.2E-3	
324	2.2E-3	
325	2.2E-3	
326	2.2E-3	
327	2.2E-3	
328	2.2E-3	
329	2.3E-3	
330	2.3E-3	
331	2.3E-3	
332	2.3E-3	
333	2.3E-3	
334	2.3E-3	
335	2.3E-3	
336	2.3E-3	
337	2.3E-3	
338	2.3E-3	
339	2.3E-3	
340	2.4E-3	
341	2.4E-3	
342	2.4E-3	
343	2.4E-3	
344	2.4E-3	
345	2.4E-3	
346	2.4E-3	
347	2.4E-3	
348	2.4E-3	
349	2.4E-3	
350	2.4E-3	
351	2.4E-3	
352	2.5E-3	
353	2.5E-3	
354	2.5E-3	
355	2.5E-3	
356	2.5E-3	
357	2.5E-3	
358	2.5E-3	
359	2.5E-3	
360	2.5E-3	
361	2.5E-3	
362	2.5E-3	
363	2.6E-3	
364	2.6E-3	
365	2.6E-3	
366	2.6E-3	
367	2.6E-3	
368	2.6E-3	
369	2.6E-3	
370	2.6E-3	
371	2.6E-3	
